Timestamp,BATTERY_PROPERTY_CURRENT_NOW,EXTRA_VOLTAGE
1688984721510,-255370,4233
1688984721512,-255370,4233
1688984721514,-255370,4233
1688984721517,-255370,4233
1688984721519,-255370,4233
1688984721522,-255370,4233
1688984721524,-255370,4233
1688984721527,-255370,4233
1688984721531,-255370,4233
1688984721534,-255370,4233
1688984721537,-255370,4233
1688984721539,-255370,4233
1688984721542,-255370,4233
1688984721545,-255370,4233
1688984721547,-255370,4233
1688984721551,-255370,4233
1688984721554,-255370,4233
1688984721556,-255370,4233
1688984721558,-255370,4233
1688984721560,-255370,4233
1688984721562,-255370,4233
1688984721564,-255370,4233
1688984721566,-255370,4233
1688984721570,-255370,4233
1688984721573,-255370,4233
1688984721575,-255370,4233
1688984721578,-255370,4233
1688984721581,-255370,4233
1688984721584,-255370,4233
1688984721586,-255370,4233
1688984721589,-255370,4233
1688984721592,-255370,4233
1688984721594,-255370,4233
1688984721597,-255370,4233
1688984721599,-255370,4233
1688984721601,-255370,4233
1688984721605,-255370,4233
1688984721608,-255370,4233
1688984721610,-255370,4233
1688984721611,-255370,4233
1688984721613,-255370,4233
1688984721615,-255370,4233
1688984721617,-255370,4233
1688984721619,-255370,4233
1688984721623,-255370,4233
1688984721625,-255370,4233
1688984721627,-255370,4233
1688984721629,-255370,4233
1688984721631,-255370,4233
1688984721633,-255370,4233
1688984721635,-255370,4233
1688984721637,-255370,4233
1688984721640,-255370,4233
1688984721643,-255370,4233
1688984721645,-255370,4233
1688984721647,-255370,4233
1688984721648,-255370,4233
1688984721650,-255370,4233
1688984721651,-255370,4233
1688984721653,-255370,4233
1688984721655,-255370,4233
1688984721658,-255370,4233
1688984721661,-255370,4233
1688984721663,-255370,4233
1688984721664,-255370,4233
1688984721666,-255370,4233
1688984721668,-255370,4233
1688984721670,-255370,4233
1688984721673,-255370,4233
1688984721676,-255370,4233
1688984721678,-255370,4233
1688984721680,-255370,4233
1688984721682,-255370,4233
1688984721683,-255370,4233
1688984721685,-255370,4233
1688984721686,-255370,4233
1688984721687,-255370,4233
1688984721689,-255370,4233
1688984721692,-255370,4233
1688984721694,-255370,4233
1688984721696,-255370,4233
1688984721698,-255370,4233
1688984721700,-255370,4233
1688984721701,-255370,4233
1688984721703,-255370,4233
1688984721704,-255370,4233
1688984721706,-255370,4233
1688984721710,-255370,4233
1688984721712,-255370,4233
1688984721714,-255370,4233
1688984721715,-255370,4233
1688984721717,-255370,4233
1688984721719,-255370,4233
1688984721721,-255370,4233
1688984721723,-255370,4233
1688984721725,-255370,4233
1688984721728,-255370,4233
1688984721730,-255370,4233
1688984721733,-255370,4233
1688984721736,-255370,4233
1688984721738,-255370,4233
1688984721740,-255370,4233
1688984721742,-255370,4233
1688984721745,-255370,4233
1688984721748,-255370,4233
1688984721750,-255370,4233
1688984721751,-255370,4233
1688984721753,-255370,4233
1688984721755,-255370,4233
1688984721756,-255370,4233
1688984721758,-255370,4233
1688984721760,-255370,4233
1688984721762,-255370,4233
1688984721765,-255370,4233
1688984721766,-255370,4233
1688984721768,-255370,4233
1688984721770,-255370,4233
1688984721772,-255370,4233
1688984721775,-255370,4233
1688984721776,-255370,4233
1688984721781,-255370,4233
1688984721783,-255370,4233
1688984721785,-255370,4233
1688984721786,-255370,4233
1688984721787,-255370,4233
1688984721788,-255370,4233
1688984721790,-255370,4233
1688984721792,-255370,4233
1688984721794,-255370,4233
1688984721796,-255370,4233
1688984721798,-255370,4233
1688984721800,-255370,4233
1688984721803,-255370,4233
1688984721804,-255370,4233
1688984721805,-255370,4233
1688984721807,-255370,4233
1688984721809,-255370,4233
1688984721811,-255370,4233
1688984721812,-255370,4233
1688984721816,-255370,4233
1688984721818,-255370,4233
1688984721820,-255370,4233
1688984721822,-255370,4233
1688984721824,-255370,4233
1688984721825,-255370,4233
1688984721826,-255370,4233
1688984721827,-255370,4233
1688984721829,-255370,4233
1688984721832,-255370,4233
1688984721835,-255370,4233
1688984721837,-255370,4233
1688984721838,-255370,4233
1688984721840,-255370,4233
1688984721842,-255370,4233
1688984721843,-255370,4233
1688984721845,-255370,4233
1688984721846,-255370,4233
1688984721849,-255370,4233
1688984721851,-255370,4233
1688984721854,-255370,4233
1688984721856,-255370,4233
1688984721857,-255370,4233
1688984721858,-255370,4233
1688984721860,-255370,4233
1688984721862,-255370,4233
1688984721863,-255370,4233
1688984721865,-255370,4233
1688984721867,-255370,4233
1688984721870,-255370,4233
1688984721872,-255370,4233
1688984721874,-255370,4233
1688984721876,-255370,4233
1688984721877,-255370,4233
1688984721879,-255370,4233
1688984721880,-255370,4233
1688984721882,-255370,4233
1688984721884,-255370,4233
1688984721887,-255370,4233
1688984721889,-255370,4233
1688984721891,-255370,4233
1688984721893,-255370,4233
1688984721895,-255370,4233
1688984721896,-255370,4233
1688984721898,-255370,4233
1688984721900,-255370,4233
1688984721902,-255370,4233
1688984721904,-255370,4233
1688984721907,-255370,4233
1688984721908,-255370,4233
1688984721910,-255370,4233
1688984721911,-255370,4233
1688984721913,-255370,4233
1688984721914,-255370,4233
1688984721916,-255370,4233
1688984721918,-255370,4233
1688984721921,-255370,4233
1688984721925,-255370,4233
1688984721927,-255370,4233
1688984721929,-255370,4233
1688984721931,-255370,4233
1688984721933,-255370,4233
1688984721935,-255370,4233
1688984721937,-255370,4233
1688984721941,-255370,4233
1688984721943,-255370,4233
1688984721945,-255370,4233
1688984721947,-255370,4233
1688984721949,-255370,4233
1688984721951,-255370,4233
1688984721953,-255370,4233
1688984721956,-255370,4233
1688984721960,-255370,4233
1688984721963,-255370,4233
1688984721965,-255370,4233
1688984721968,-255370,4233
1688984721972,-255370,4233
1688984721976,-255370,4233
1688984721980,-255370,4233
1688984721983,-255370,4233
1688984721986,-255370,4233
1688984721988,-255370,4233
1688984721994,-255370,4233
1688984721997,-255370,4233
1688984722000,-255370,4233
1688984722003,-255370,4233
1688984722006,-255370,4233
1688984722011,-255370,4233
1688984722015,-255370,4233
1688984722018,-255370,4233
1688984722021,-255370,4233
1688984722024,-255370,4233
1688984722029,-255370,4233
1688984722034,-255370,4233
1688984722036,-255370,4233
1688984722039,-255370,4233
1688984722043,-255370,4233
1688984722047,-255370,4233
1688984722051,-255370,4233
1688984722054,-255370,4233
1688984722057,-255370,4233
1688984722061,-255370,4233
1688984722066,-255370,4233
1688984722077,-255370,4233
1688984722083,-255370,4233
1688984722087,-255370,4233
1688984722090,-255370,4233
1688984722094,-255370,4233
1688984722099,-255370,4233
1688984722103,-255370,4233
1688984722105,-255370,4233
1688984722106,-255370,4233
1688984722108,-255370,4233
1688984722109,-255370,4233
1688984722111,-255370,4233
1688984722112,-255370,4233
1688984722115,-255370,4233
1688984722117,-255370,4233
1688984722118,-255370,4233
1688984722120,-255370,4233
1688984722121,-255370,4233
1688984722123,-255370,4233
1688984722124,-255370,4233
1688984722126,-255370,4233
1688984722127,-255370,4233
1688984722129,-255370,4233
1688984722131,-255370,4233
1688984722135,-255370,4233
1688984722138,-255370,4233
1688984722140,-255370,4233
1688984722142,-255370,4233
1688984722144,-255370,4233
1688984722146,-255370,4233
1688984722149,-255370,4233
1688984722152,-255370,4233
1688984722155,-255370,4233
1688984722157,-255370,4233
1688984722159,-255370,4233
1688984722162,-255370,4233
1688984722165,-255370,4233
1688984722169,-255370,4233
1688984722172,-255370,4233
1688984722175,-255370,4233
1688984722177,-255370,4233
1688984722179,-255370,4233
1688984722182,-255370,4233
1688984722186,-255370,4233
1688984722191,-255370,4233
1688984722194,-255370,4233
1688984722197,-255370,4233
1688984722200,-255370,4233
1688984722207,-255370,4233
1688984722211,-255370,4233
1688984722215,-255370,4233
1688984722219,-255370,4233
1688984722224,-255370,4233
1688984722227,-255370,4233
1688984722230,-255370,4233
1688984722233,-255370,4233
1688984722235,-255370,4233
1688984722241,-255370,4233
1688984722244,-255370,4233
1688984722246,-255370,4233
1688984722250,-255370,4233
1688984722254,-255370,4233
1688984722259,-255370,4233
1688984722262,-255370,4233
1688984722265,-255370,4233
1688984722267,-255370,4233
1688984722269,-255370,4233
1688984722275,-255370,4233
1688984722278,-255370,4233
1688984722282,-255370,4233
1688984722285,-255370,4233
1688984722288,-255370,4233
1688984722292,-255370,4233
1688984722296,-255370,4233
1688984722300,-255370,4233
1688984722303,-255370,4233
1688984722307,-255370,4233
1688984722311,-255370,4233
1688984722314,-255370,4233
1688984722318,-255370,4233
1688984722321,-255370,4233
1688984722325,-255370,4233
1688984722331,-255370,4233
1688984722335,-255370,4233
1688984722339,-255370,4233
1688984722344,-255370,4233
1688984722347,-255370,4233
1688984722351,-255370,4233
1688984722355,-255370,4233
1688984722359,-255370,4233
1688984722364,-255370,4233
1688984722367,-255370,4233
1688984722372,-255370,4233
1688984722378,-255370,4233
1688984722382,-255370,4233
1688984722385,-255370,4233
1688984722389,-255370,4233
1688984722393,-255370,4233
1688984722396,-255370,4233
1688984722399,-255370,4233
1688984722403,-255370,4233
1688984722406,-255370,4233
1688984722409,-255370,4233
1688984722414,-255370,4233
1688984722417,-255370,4233
1688984722421,-255370,4233
1688984722426,-255370,4233
1688984722430,-255370,4233
1688984722434,-255370,4233
1688984722438,-155273,4233
1688984722442,-155273,4233
1688984722446,-155273,4233
1688984722451,-155273,4233
1688984722456,-155273,4233
1688984722461,-155273,4233
1688984722465,-155273,4233
1688984722470,-155273,4233
1688984722475,-155273,4233
1688984722479,-155273,4233
1688984722485,-155273,4233
1688984722492,-155273,4233
1688984722500,-155273,4233
1688984722504,-155273,4233
1688984722507,-155273,4233
1688984722510,-155273,4233
1688984722513,-155273,4233
1688984722517,-155273,4233
1688984722521,-155273,4233
1688984722524,-155273,4233
1688984722527,-155273,4233
1688984722531,-155273,4233
1688984722534,-155273,4233
1688984722537,-155273,4233
1688984722541,-155273,4233
1688984722544,-155273,4233
1688984722547,-155273,4233
1688984722550,-155273,4233
1688984722553,-155273,4233
1688984722556,-155273,4233
1688984722560,-155273,4233
1688984722563,-155273,4233
1688984722566,-155273,4233
1688984722569,-155273,4233
1688984722573,-155273,4233
1688984722576,-155273,4233
1688984722579,-155273,4233
1688984722585,-155273,4233
1688984722589,-155273,4233
1688984722594,-155273,4233
1688984722598,-155273,4233
1688984722603,-155273,4233
1688984722608,-155273,4233
1688984722615,-155273,4233
1688984722621,-155273,4233
1688984722623,-155273,4233
1688984722625,-155273,4233
1688984722627,-155273,4233
1688984722631,-155273,4233
1688984722633,-155273,4233
1688984722635,-155273,4233
1688984722637,-155273,4233
1688984722640,-155273,4233
1688984722642,-155273,4233
1688984722644,-155273,4233
1688984722646,-155273,4233
1688984722649,-155273,4233
1688984722652,-155273,4233
1688984722654,-155273,4233
1688984722657,-155273,4233
1688984722659,-155273,4233
1688984722662,-155273,4233
1688984722664,-155273,4233
1688984722671,-155273,4233
1688984722674,-155273,4233
1688984722676,-155273,4233
1688984722678,-155273,4233
1688984722683,-155273,4233
1688984722686,-155273,4233
1688984722689,-155273,4233
1688984722692,-155273,4233
1688984722695,-155273,4233
1688984722697,-155273,4233
1688984722701,-155273,4233
1688984722705,-155273,4233
1688984722709,-155273,4233
1688984722712,-155273,4233
1688984722715,-155273,4233
1688984722718,-155273,4233
1688984722721,-155273,4233
1688984722725,-155273,4233
1688984722728,-155273,4233
1688984722732,-155273,4233
1688984722735,-155273,4233
1688984722738,-155273,4233
1688984722741,-155273,4233
1688984722744,-155273,4233
1688984722747,-155273,4233
1688984722750,-155273,4233
1688984722753,-155273,4233
1688984722756,-155273,4233
1688984722759,-155273,4233
1688984722763,-155273,4233
1688984722766,-155273,4233
1688984722770,-155273,4233
1688984722774,-155273,4233
1688984722781,-155273,4233
1688984722785,-155273,4233
1688984722790,-155273,4233
1688984722794,-155273,4233
1688984722797,-155273,4233
1688984722801,-155273,4233
1688984722804,-155273,4233
1688984722808,-155273,4233
1688984722811,-155273,4233
1688984722815,-155273,4233
1688984722819,-155273,4233
1688984722830,-155273,4233
1688984722836,-155273,4233
1688984722844,-155273,4233
1688984722849,-155273,4233
1688984722855,-155273,4233
1688984722861,-155273,4233
1688984722866,-155273,4233
1688984722876,-155273,4233
1688984722881,-155273,4233
1688984722884,-155273,4233
1688984722889,-155273,4233
1688984722894,-155273,4233
1688984722896,-155273,4233
1688984722898,-155273,4233
1688984722901,-155273,4233
1688984722903,-155273,4233
1688984722906,-155273,4233
1688984722908,-155273,4233
1688984722911,-155273,4233
1688984722914,-155273,4233
1688984722916,-155273,4233
1688984722919,-155273,4233
1688984722922,-155273,4233
1688984722925,-155273,4233
1688984722928,-155273,4233
1688984722931,-155273,4233
1688984722933,-155273,4233
1688984722935,-155273,4233
1688984722937,-155273,4233
1688984722941,-155273,4233
1688984722945,-155273,4233
1688984722949,-155273,4233
1688984722953,-155273,4233
1688984722957,-155273,4233
1688984722961,-155273,4233
1688984722965,-155273,4233
1688984722969,-155273,4233
1688984722974,-155273,4233
1688984722978,-155273,4233
1688984722983,-155273,4233
1688984722987,-155273,4233
1688984722991,-155273,4233
1688984722995,-155273,4233
1688984723000,-155273,4233
1688984723006,-155273,4233
1688984723013,-155273,4233
1688984723017,-155273,4233
1688984723023,-155273,4233
1688984723027,-155273,4233
1688984723031,-155273,4233
1688984723036,-155273,4233
1688984723040,-155273,4233
1688984723044,-155273,4233
1688984723050,-155273,4233
1688984723055,-155273,4233
1688984723058,-155273,4233
1688984723063,-155273,4233
1688984723066,-155273,4233
1688984723071,-155273,4233
1688984723075,-155273,4233
1688984723080,-155273,4233
1688984723084,-155273,4233
1688984723089,-155273,4233
1688984723095,-155273,4233
1688984723100,-155273,4233
1688984723104,-155273,4233
1688984723108,-155273,4233
1688984723113,-155273,4233
1688984723116,-155273,4233
1688984723121,-155273,4233
1688984723125,-155273,4233
1688984723130,-155273,4233
1688984723134,-155273,4233
1688984723138,-155273,4233
1688984723145,-155273,4233
1688984723151,-155273,4233
1688984723156,-155273,4233
1688984723161,-155273,4233
1688984723165,-155273,4233
1688984723171,-155273,4233
1688984723175,-155273,4233
1688984723180,-155273,4233
1688984723185,-155273,4233
1688984723189,-155273,4233
1688984723193,-155273,4233
1688984723197,-155273,4233
1688984723202,-155273,4233
1688984723206,-155273,4233
1688984723212,-155273,4233
1688984723217,-155273,4233
1688984723221,-155273,4233
1688984723225,-155273,4233
1688984723230,-155273,4233
1688984723236,-155273,4233
1688984723243,-155273,4233
1688984723249,-155273,4233
1688984723256,-155273,4233
1688984723261,-155273,4233
1688984723264,-155273,4233
1688984723267,-155273,4233
1688984723270,-155273,4233
1688984723272,-155273,4233
1688984723275,-155273,4233
1688984723277,-155273,4233
1688984723280,-155273,4233
1688984723282,-155273,4233
1688984723285,-155273,4233
1688984723288,-155273,4233
1688984723290,-155273,4233
1688984723293,-155273,4233
1688984723295,-155273,4233
1688984723297,-155273,4233
1688984723299,-155273,4233
1688984723311,-155273,4233
1688984723317,-155273,4233
1688984723321,-155273,4233
1688984723325,-155273,4233
1688984723330,-155273,4233
1688984723335,-155273,4233
1688984723341,-155273,4233
1688984723345,-155273,4233
1688984723348,-155273,4233
1688984723353,-155273,4233
1688984723356,-155273,4233
1688984723360,-155273,4233
1688984723364,-155273,4233
1688984723368,-155273,4233
1688984723373,-155273,4233
1688984723377,-155273,4233
1688984723381,-155273,4233
1688984723385,-155273,4233
1688984723389,-155273,4233
1688984723393,-155273,4233
1688984723397,-155273,4233
1688984723401,-155273,4233
1688984723405,-155273,4233
1688984723411,-155273,4233
1688984723415,-155273,4233
1688984723419,-155273,4233
1688984723423,-155273,4233
1688984723427,-155273,4233
1688984723431,-155273,4233
1688984723436,-155273,4233
1688984723440,-155273,4233
1688984723445,-155273,4233
1688984723449,-155273,4233
1688984723453,-155273,4233
1688984723457,-155273,4233
1688984723462,-155273,4233
1688984723466,-155273,4233
1688984723470,-155273,4233
1688984723474,-155273,4233
1688984723478,-155273,4233
1688984723481,-155273,4233
1688984723484,-155273,4233
1688984723487,-155273,4233
1688984723490,-155273,4233
1688984723493,-155273,4233
1688984723496,-155273,4233
1688984723500,-155273,4233
1688984723505,-155273,4233
1688984723509,-155273,4233
1688984723513,-155273,4233
1688984723518,-155273,4233
1688984723523,-155273,4233
1688984723528,-155273,4233
1688984723532,-155273,4233
1688984723536,-155273,4233
1688984723540,-155273,4233
1688984723544,-155273,4233
1688984723548,-155273,4233
1688984723552,-155273,4233
1688984723556,-155273,4233
1688984723560,-155273,4233
1688984723565,-155273,4233
1688984723571,-155273,4233
1688984723575,-155273,4233
1688984723578,-155273,4233
1688984723583,-155273,4233
1688984723586,-155273,4233
1688984723590,-155273,4233
1688984723594,-155273,4233
1688984723598,-155273,4233
1688984723603,-155273,4233
1688984723608,-155273,4233
1688984723613,-155273,4233
1688984723617,-155273,4233
1688984723624,-155273,4233
1688984723629,-155273,4233
1688984723634,-155273,4233
1688984723638,-155273,4233
1688984723642,-155273,4233
1688984723648,-155273,4233
1688984723653,-155273,4233
1688984723657,-155273,4233
1688984723662,-155273,4233
1688984723666,-155273,4233
1688984723670,-155273,4233
1688984723674,-155273,4233
1688984723677,-155273,4233
1688984723683,-155273,4233
1688984723688,-155273,4233
1688984723692,-155273,4233
1688984723696,-155273,4233
1688984723701,-155273,4233
1688984723704,-155273,4233
1688984723708,-155273,4233
1688984723712,-155273,4233
1688984723715,-155273,4233
1688984723720,-155273,4233
1688984723724,-155273,4233
1688984723729,-155273,4233
1688984723734,-155273,4233
1688984723741,-155273,4233
1688984723747,-155273,4233
1688984723751,-155273,4233
1688984723755,-155273,4233
1688984723759,-155273,4233
1688984723763,-155273,4233
1688984723768,-155273,4233
1688984723772,-155273,4233
1688984723776,-155273,4233
1688984723780,-155273,4233
1688984723784,-155273,4233
1688984723787,-155273,4233
1688984723791,-155273,4233
1688984723795,-155273,4233
1688984723798,-155273,4233
1688984723803,-155273,4233
1688984723806,-155273,4233
1688984723809,-155273,4233
1688984723812,-155273,4233
1688984723816,-155273,4233
1688984723819,-155273,4233
1688984723823,-155273,4233
1688984723826,-155273,4233
1688984723828,-155273,4233
1688984723832,-155273,4233
1688984723835,-155273,4233
1688984723838,-155273,4233
1688984723841,-155273,4233
1688984723844,-155273,4233
1688984723847,-155273,4233
1688984723851,-155273,4233
1688984723854,-155273,4233
1688984723857,-155273,4233
1688984723860,-155273,4233
1688984723863,-155273,4233
1688984723866,-155273,4233
1688984723870,-155273,4233
1688984723873,-155273,4233
1688984723877,-155273,4233
1688984723883,-155273,4233
1688984723887,-155273,4233
1688984723891,-155273,4233
1688984723895,-155273,4233
1688984723898,-155273,4233
1688984723901,-155273,4233
1688984723904,-155273,4233
1688984723907,-190917,4233
1688984723910,-190917,4233
1688984723914,-190917,4233
1688984723917,-190917,4233
1688984723920,-190917,4233
1688984723924,-190917,4233
1688984723927,-190917,4233
1688984723930,-190917,4233
1688984723933,-190917,4233
1688984723936,-190917,4233
1688984723940,-190917,4233
1688984723943,-190917,4233
1688984723945,-190917,4233
1688984723948,-190917,4233
1688984723951,-190917,4233
1688984723954,-190917,4233
1688984723957,-190917,4233
1688984723960,-190917,4233
1688984723963,-190917,4233
1688984723966,-190917,4233
1688984723969,-190917,4233
1688984723972,-190917,4233
1688984723975,-190917,4233
1688984723977,-190917,4233
1688984723980,-190917,4233
1688984723983,-190917,4233
1688984723986,-190917,4233
1688984723989,-190917,4233
1688984723992,-190917,4233
1688984723995,-190917,4233
1688984723998,-190917,4233
1688984724002,-190917,4233
1688984724005,-190917,4233
1688984724008,-190917,4233
1688984724011,-190917,4233
1688984724014,-190917,4233
1688984724017,-190917,4233
1688984724021,-190917,4233
1688984724025,-190917,4233
1688984724028,-190917,4233
1688984724031,-190917,4233
1688984724034,-190917,4233
1688984724037,-190917,4233
1688984724041,-190917,4233
1688984724044,-190917,4233
1688984724047,-190917,4233
1688984724051,-190917,4233
1688984724055,-190917,4233
1688984724058,-190917,4233
1688984724062,-190917,4233
1688984724066,-190917,4233
1688984724070,-190917,4233
1688984724074,-190917,4233
1688984724077,-190917,4233
1688984724088,-190917,4233
1688984724093,-190917,4233
1688984724097,-190917,4233
1688984724102,-190917,4233
1688984724106,-190917,4233
1688984724110,-190917,4233
1688984724113,-190917,4233
1688984724117,-190917,4233
1688984724121,-190917,4233
1688984724126,-190917,4233
1688984724130,-190917,4233
1688984724134,-190917,4233
1688984724138,-190917,4233
1688984724142,-190917,4233
1688984724145,-190917,4233
1688984724149,-190917,4233
1688984724153,-190917,4233
1688984724156,-190917,4233
1688984724160,-190917,4233
1688984724164,-190917,4233
1688984724168,-190917,4233
1688984724173,-190917,4233
1688984724180,-190917,4233
1688984724186,-190917,4233
1688984724201,-190917,4233
1688984724206,-190917,4233
1688984724210,-190917,4233
1688984724214,-190917,4233
1688984724217,-190917,4233
1688984724220,-190917,4233
1688984724223,-190917,4233
1688984724228,-190917,4233
1688984724231,-190917,4233
1688984724234,-190917,4233
1688984724236,-190917,4233
1688984724238,-190917,4233
1688984724240,-190917,4233
1688984724243,-190917,4233
1688984724245,-190917,4233
1688984724247,-190917,4233
1688984724250,-190917,4233
1688984724254,-190917,4233
1688984724257,-190917,4233
1688984724259,-190917,4233
1688984724261,-190917,4233
1688984724263,-190917,4233
1688984724265,-190917,4233
1688984724266,-190917,4233
1688984724268,-190917,4233
1688984724270,-190917,4233
1688984724271,-190917,4233
1688984724273,-190917,4233
1688984724274,-190917,4233
1688984724279,-190917,4233
1688984724281,-190917,4233
1688984724283,-190917,4233
1688984724284,-190917,4233
1688984724286,-190917,4233
1688984724287,-190917,4233
1688984724289,-190917,4233
1688984724290,-190917,4233
1688984724292,-190917,4233
1688984724293,-190917,4233
1688984724296,-190917,4233
1688984724298,-190917,4233
1688984724301,-190917,4233
1688984724303,-190917,4233
1688984724306,-190917,4233
1688984724308,-190917,4233
1688984724311,-190917,4233
1688984724314,-190917,4233
1688984724316,-190917,4233
1688984724320,-190917,4233
1688984724323,-190917,4233
1688984724326,-190917,4233
1688984724329,-190917,4233
1688984724332,-190917,4233
1688984724335,-190917,4233
1688984724340,-190917,4233
1688984724342,-190917,4233
1688984724344,-190917,4233
1688984724346,-190917,4233
1688984724347,-190917,4233
1688984724349,-190917,4233
1688984724351,-190917,4233
1688984724353,-190917,4233
1688984724354,-190917,4233
1688984724356,-190917,4233
1688984724357,-190917,4233
1688984724359,-190917,4233
1688984724362,-190917,4233
1688984724364,-190917,4233
1688984724365,-190917,4233
1688984724367,-190917,4233
1688984724370,-190917,4233
1688984724372,-190917,4233
1688984724374,-190917,4233
1688984724375,-190917,4233
1688984724377,-190917,4233
1688984724379,-190917,4233
1688984724381,-190917,4233
1688984724383,-190917,4233
1688984724384,-190917,4233
1688984724386,-190917,4233
1688984724387,-190917,4233
1688984724389,-190917,4233
1688984724391,-190917,4233
1688984724392,-190917,4233
1688984724394,-190917,4233
1688984724395,-190917,4233
1688984724396,-190917,4233
1688984724398,-190917,4233
1688984724399,-190917,4233
1688984724401,-190917,4233
1688984724402,-190917,4233
1688984724403,-190917,4233
1688984724405,-190917,4233
1688984724406,-190917,4233
1688984724407,-190917,4233
1688984724408,-190917,4233
1688984724410,-190917,4233
1688984724411,-190917,4233
1688984724412,-190917,4233
1688984724412,-190917,4233
1688984724414,-190917,4233
1688984724415,-190917,4233
1688984724416,-190917,4233
1688984724418,-190917,4233
1688984724419,-190917,4233
1688984724421,-190917,4233
1688984724425,-190917,4233
1688984724428,-190917,4233
1688984724430,-190917,4233
1688984724432,-190917,4233
1688984724435,-190917,4233
1688984724438,-190917,4233
1688984724441,-190917,4233
1688984724443,-190917,4233
1688984724447,-190917,4233
1688984724449,-190917,4233
1688984724451,-190917,4233
1688984724453,-190917,4233
1688984724455,-190917,4233
1688984724457,-190917,4233
1688984724459,-190917,4233
1688984724462,-190917,4233
1688984724465,-190917,4233
1688984724467,-190917,4233
1688984724469,-190917,4233
1688984724472,-190917,4233
1688984724475,-190917,4233
1688984724477,-190917,4233
1688984724480,-190917,4233
1688984724483,-190917,4233
1688984724485,-190917,4233
1688984724487,-190917,4233
1688984724491,-190917,4233
1688984724493,-190917,4233
1688984724496,-190917,4233
1688984724500,-190917,4233
1688984724504,-190917,4233
1688984724508,-190917,4233
1688984724512,-190917,4233
1688984724515,-190917,4233
1688984724521,-190917,4233
1688984724526,-190917,4233
1688984724530,-190917,4233
1688984724534,-190917,4233
1688984724538,-190917,4233
1688984724542,-190917,4233
1688984724546,-190917,4233
1688984724550,-190917,4233
1688984724554,-190917,4233
1688984724558,-190917,4233
1688984724564,-190917,4233
1688984724568,-190917,4233
1688984724572,-190917,4233
1688984724576,-190917,4233
1688984724580,-190917,4233
1688984724585,-190917,4233
1688984724588,-190917,4233
1688984724593,-190917,4233
1688984724597,-190917,4233
1688984724604,-190917,4233
1688984724612,-190917,4233
1688984724617,-190917,4233
1688984724622,-190917,4233
1688984724626,-190917,4233
1688984724631,-190917,4233
1688984724638,-190917,4233
1688984724646,-190917,4233
1688984724651,-190917,4233
1688984724659,-190917,4233
1688984724664,-190917,4233
1688984724672,-190917,4233
1688984724678,-190917,4233
1688984724684,-190917,4233
1688984724688,-190917,4233
1688984724694,-190917,4233
1688984724698,-190917,4233
1688984724704,-190917,4233
1688984724708,-190917,4233
1688984724712,-190917,4233
1688984724716,-190917,4233
1688984724721,-190917,4233
1688984724726,-190917,4233
1688984724730,-190917,4233
1688984724734,-190917,4233
1688984724737,-190917,4233
1688984724742,-190917,4233
1688984724745,-190917,4233
1688984724749,-190917,4233
1688984724753,-190917,4233
1688984724757,-190917,4233
1688984724762,-190917,4233
1688984724766,-190917,4233
1688984724770,-190917,4233
1688984724774,-190917,4233
1688984724778,-190917,4233
1688984724781,-190917,4233
1688984724785,-190917,4233
1688984724789,-190917,4233
1688984724794,-190917,4233
1688984724798,-190917,4233
1688984724806,-190917,4233
1688984724811,-190917,4233
1688984724815,-190917,4233
1688984724818,-190917,4233
1688984724822,-190917,4233
1688984724826,-190917,4233
1688984724830,-190917,4233
1688984724835,-190917,4233
1688984724841,-190917,4233
1688984724846,-190917,4233
1688984724852,-190917,4233
1688984724857,-190917,4233
1688984724861,-190917,4233
1688984724865,-190917,4233
1688984724868,-190917,4233
1688984724873,-190917,4233
1688984724878,-190917,4233
1688984724884,-190917,4233
1688984724888,-190917,4233
1688984724893,-190917,4233
1688984724897,-190917,4233
1688984724902,-190917,4233
1688984724906,-190917,4233
1688984724914,-190917,4233
1688984724918,-190917,4233
1688984724923,-190917,4233
1688984724927,-190917,4233
1688984724931,-190917,4233
1688984724934,-190917,4233
1688984724937,-190917,4233
1688984724940,-190917,4233
1688984724943,-190917,4233
1688984724947,-190917,4233
1688984724950,-190917,4233
1688984724953,-190917,4233
1688984724956,-190917,4233
1688984724959,-190917,4233
1688984724964,-190917,4233
1688984724967,-190917,4233
1688984724971,-190917,4233
1688984724973,-190917,4233
1688984724976,-190917,4233
1688984724979,-190917,4233
1688984724982,-190917,4233
1688984724985,-190917,4233
1688984724988,-190917,4233
1688984724991,-190917,4233
1688984724994,-190917,4233
1688984724997,-190917,4233
1688984725001,-190917,4233
1688984725004,-190917,4233
1688984725007,-190917,4233
1688984725010,-190917,4233
1688984725013,-190917,4233
1688984725016,-190917,4233
1688984725018,-190917,4233
1688984725021,-190917,4233
1688984725024,-190917,4233
1688984725032,-190917,4233
1688984725036,-190917,4233
1688984725040,-190917,4233
1688984725043,-190917,4233
1688984725046,-190917,4233
1688984725048,-190917,4233
1688984725051,-190917,4233
1688984725053,-190917,4233
1688984725055,-190917,4233
1688984725057,-190917,4233
1688984725059,-190917,4233
1688984725061,-190917,4233
1688984725064,-190917,4233
1688984725066,-190917,4233
1688984725068,-190917,4233
1688984725072,-190917,4233
1688984725075,-190917,4233
1688984725078,-190917,4233
1688984725082,-190917,4233
1688984725084,-190917,4233
1688984725087,-190917,4233
1688984725090,-190917,4233
1688984725092,-190917,4233
1688984725093,-190917,4233
1688984725095,-190917,4233
1688984725098,-190917,4233
1688984725100,-190917,4233
1688984725102,-190917,4233
1688984725104,-190917,4233
1688984725105,-190917,4233
1688984725107,-190917,4233
1688984725108,-190917,4233
1688984725110,-190917,4233
1688984725112,-190917,4233
1688984725114,-190917,4233
1688984725116,-190917,4233
1688984725117,-190917,4233
1688984725119,-190917,4233
1688984725120,-190917,4233
1688984725122,-190917,4233
1688984725123,-190917,4233
1688984725125,-190917,4233
1688984725126,-190917,4233
1688984725128,-190917,4233
1688984725129,-190917,4233
1688984725131,-190917,4233
1688984725132,-190917,4233
1688984725134,-190917,4233
1688984725136,-190917,4233
1688984725137,-190917,4233
1688984725139,-190917,4233
1688984725141,-190917,4233
1688984725142,-190917,4233
1688984725146,-190917,4233
1688984725148,-190917,4233
1688984725150,-190917,4233
1688984725152,-190917,4233
1688984725154,-190917,4233
1688984725155,-190917,4233
1688984725157,-190917,4233
1688984725158,-190917,4233
1688984725160,-190917,4233
1688984725162,-190917,4233
1688984725164,-190917,4233
1688984725165,-190917,4233
1688984725166,-190917,4233
1688984725168,-190917,4233
1688984725169,-190917,4233
1688984725171,-190917,4233
1688984725172,-190917,4233
1688984725175,-190917,4233
1688984725176,-190917,4233
1688984725177,-190917,4233
1688984725179,-190917,4233
1688984725181,-190917,4233
1688984725184,-190917,4233
1688984725186,-190917,4233
1688984725187,-190917,4233
1688984725189,-190917,4233
1688984725191,-190917,4233
1688984725192,-190917,4233
1688984725194,-190917,4233
1688984725195,-190917,4233
1688984725197,-190917,4233
1688984725198,-190917,4233
1688984725199,-190917,4233
1688984725201,-190917,4233
1688984725202,-190917,4233
1688984725203,-190917,4233
1688984725205,-190917,4233
1688984725206,-190917,4233
1688984725207,-190917,4233
1688984725208,-190917,4233
1688984725209,-190917,4233
1688984725211,-190917,4233
1688984725212,-190917,4233
1688984725214,-190917,4233
1688984725215,-190917,4233
1688984725217,-190917,4233
1688984725218,-190917,4233
1688984725220,-190917,4233
1688984725222,-190917,4233
1688984725224,-190917,4233
1688984725226,-190917,4233
1688984725228,-190917,4233
1688984725230,-190917,4233
1688984725231,-190917,4233
1688984725233,-190917,4233
1688984725234,-190917,4233
1688984725236,-190917,4233
1688984725237,-190917,4233
1688984725238,-190917,4233
1688984725239,-190917,4233
1688984725241,-190917,4233
1688984725242,-190917,4233
1688984725244,-190917,4233
1688984725245,-190917,4233
1688984725247,-190917,4233
1688984725248,-190917,4233
1688984725250,-190917,4233
1688984725251,-190917,4233
1688984725252,-190917,4233
1688984725254,-190917,4233
1688984725255,-190917,4233
1688984725256,-190917,4233
1688984725257,-190917,4233
1688984725258,-190917,4233
1688984725260,-190917,4233
1688984725261,-190917,4233
1688984725263,-190917,4233
1688984725264,-190917,4233
1688984725266,-190917,4233
1688984725267,-190917,4233
1688984725268,-190917,4233
1688984725270,-190917,4233
1688984725271,-190917,4233
1688984725272,-190917,4233
1688984725274,-190917,4233
1688984725275,-190917,4233
1688984725277,-190917,4233
1688984725278,-190917,4233
1688984725279,-190917,4233
1688984725280,-190917,4233
1688984725282,-190917,4233
1688984725283,-190917,4233
1688984725285,-190917,4233
1688984725286,-190917,4233
1688984725287,-190917,4233
1688984725288,-190917,4233
1688984725290,-190917,4233
1688984725291,-190917,4233
1688984725292,-190917,4233
1688984725293,-190917,4233
1688984725295,-190917,4233
1688984725296,-190917,4233
1688984725296,-190917,4233
1688984725297,-190917,4233
1688984725298,-190917,4233
1688984725300,-190917,4233
1688984725302,-190917,4233
1688984725303,-190917,4233
1688984725305,-190917,4233
1688984725306,-190917,4233
1688984725307,-190917,4233
1688984725308,-190917,4233
1688984725309,-190917,4233
1688984725311,-190917,4233
1688984725312,-190917,4233
1688984725313,-190917,4233
1688984725315,-190917,4233
1688984725316,-190917,4233
1688984725318,-190917,4233
1688984725320,-190917,4233
1688984725321,-190917,4233
1688984725323,-190917,4233
1688984725324,-190917,4233
1688984725325,-190917,4233
1688984725327,-190917,4233
1688984725328,-190917,4233
1688984725329,-190917,4233
1688984725331,-190917,4233
1688984725332,-190917,4233
1688984725333,-190917,4233
1688984725334,-190917,4233
1688984725335,-190917,4233
1688984725336,-190917,4233
1688984725338,-190917,4233
1688984725339,-190917,4233
1688984725340,-190917,4233
1688984725343,-190917,4233
1688984725345,-190917,4233
1688984725346,-190917,4233
1688984725347,-190917,4233
1688984725349,-190917,4233
1688984725350,-190917,4233
1688984725352,-190917,4233
1688984725354,-190917,4233
1688984725355,-190917,4233
1688984725356,-190917,4233
1688984725357,-190917,4233
1688984725358,-190917,4233
1688984725360,-190917,4233
1688984725362,-190917,4233
1688984725364,-190917,4233
1688984725365,-190917,4233
1688984725367,-190917,4233
1688984725368,-190917,4233
1688984725370,-190917,4233
1688984725373,-190917,4233
1688984725376,-313964,4233
1688984725378,-313964,4233
1688984725381,-313964,4233
1688984725383,-313964,4233
1688984725384,-313964,4233
1688984725386,-313964,4233
1688984725387,-313964,4233
1688984725389,-313964,4233
1688984725390,-313964,4233
1688984725392,-313964,4233
1688984725395,-313964,4233
1688984725396,-313964,4233
1688984725398,-313964,4233
1688984725400,-313964,4233
1688984725402,-313964,4233
1688984725404,-313964,4233
1688984725405,-313964,4233
1688984725407,-313964,4233
1688984725409,-313964,4233
1688984725411,-313964,4233
1688984725412,-313964,4233
1688984725414,-313964,4233
1688984725415,-313964,4233
1688984725417,-313964,4233
1688984725419,-313964,4233
1688984725421,-313964,4233
1688984725423,-313964,4233
1688984725425,-313964,4233
1688984725427,-313964,4233
1688984725429,-313964,4233
1688984725431,-313964,4233
1688984725433,-313964,4233
1688984725435,-313964,4233
1688984725437,-313964,4233
1688984725438,-313964,4233
1688984725440,-313964,4233
1688984725442,-313964,4233
1688984725444,-313964,4233
1688984725446,-313964,4233
1688984725448,-313964,4233
1688984725449,-313964,4233
1688984725451,-313964,4233
1688984725453,-313964,4233
1688984725456,-313964,4233
1688984725458,-313964,4233
1688984725461,-313964,4233
1688984725463,-313964,4233
1688984725465,-313964,4233
1688984725468,-313964,4233
1688984725470,-313964,4233
1688984725472,-313964,4233
1688984725475,-313964,4233
1688984725477,-313964,4233
1688984725480,-313964,4233
1688984725497,-313964,4233
1688984725502,-313964,4233
1688984725505,-313964,4233
1688984725507,-313964,4233
1688984725509,-313964,4233
1688984725512,-313964,4233
1688984725514,-313964,4233
1688984725516,-313964,4233
1688984725518,-313964,4233
1688984725520,-313964,4233
1688984725522,-313964,4233
1688984725524,-313964,4233
1688984725525,-313964,4233
1688984725527,-313964,4233
1688984725529,-313964,4233
1688984725531,-313964,4233
1688984725533,-313964,4233
1688984725535,-313964,4233
1688984725537,-313964,4233
1688984725538,-313964,4233
1688984725543,-313964,4233
1688984725546,-313964,4233
1688984725550,-313964,4233
1688984725553,-313964,4233
1688984725557,-313964,4233
1688984725561,-313964,4233
1688984725565,-313964,4233
1688984725568,-313964,4233
1688984725572,-313964,4233
1688984725575,-313964,4233
1688984725580,-313964,4233
1688984725583,-313964,4233
1688984725586,-313964,4233
1688984725590,-313964,4233
1688984725593,-313964,4233
1688984725600,-313964,4233
1688984725605,-313964,4233
1688984725608,-313964,4233
1688984725612,-313964,4233
1688984725615,-313964,4233
1688984725618,-313964,4233
1688984725622,-313964,4233
1688984725625,-313964,4233
1688984725630,-313964,4233
1688984725635,-313964,4233
1688984725640,-313964,4233
1688984725646,-313964,4233
1688984725651,-313964,4233
1688984725657,-313964,4233
1688984725665,-313964,4233
1688984725670,-313964,4233
1688984725675,-313964,4233
1688984725679,-313964,4233
1688984725683,-313964,4233
1688984725686,-313964,4233
1688984725690,-313964,4233
1688984725694,-313964,4233
1688984725698,-313964,4233
1688984725701,-313964,4233
1688984725705,-313964,4233
1688984725708,-313964,4233
1688984725711,-313964,4233
1688984725716,-313964,4233
1688984725720,-313964,4233
1688984725724,-313964,4233
1688984725727,-313964,4233
1688984725730,-313964,4233
1688984725733,-313964,4233
1688984725736,-313964,4233
1688984725743,-313964,4233
1688984725749,-313964,4233
1688984725755,-313964,4233
1688984725760,-313964,4233
1688984725762,-313964,4233
1688984725764,-313964,4233
1688984725766,-313964,4233
1688984725768,-313964,4233
1688984725770,-313964,4233
1688984725772,-313964,4233
1688984725773,-313964,4233
1688984725775,-313964,4233
1688984725777,-313964,4233
1688984725779,-313964,4233
1688984725781,-313964,4233
1688984725783,-313964,4233
1688984725785,-313964,4233
1688984725786,-313964,4233
1688984725788,-313964,4233
1688984725791,-313964,4233
1688984725794,-313964,4233
1688984725796,-313964,4233
1688984725797,-313964,4233
1688984725799,-313964,4233
1688984725803,-313964,4233
1688984725806,-313964,4233
1688984725810,-313964,4233
1688984725814,-313964,4233
1688984725817,-313964,4233
1688984725821,-313964,4233
1688984725825,-313964,4233
1688984725829,-313964,4233
1688984725835,-313964,4233
1688984725839,-313964,4233
1688984725843,-313964,4233
1688984725847,-313964,4233
1688984725851,-313964,4233
1688984725854,-313964,4233
1688984725858,-313964,4233
1688984725862,-313964,4233
1688984725865,-313964,4233
1688984725869,-313964,4233
1688984725875,-313964,4233
1688984725878,-313964,4233
1688984725882,-313964,4233
1688984725886,-313964,4233
1688984725890,-313964,4233
1688984725894,-313964,4233
1688984725907,-313964,4233
1688984725910,-313964,4233
1688984725914,-313964,4233
1688984725917,-313964,4233
1688984725922,-313964,4233
1688984725927,-313964,4233
1688984725936,-313964,4233
1688984725947,-313964,4233
1688984725950,-313964,4233
1688984725953,-313964,4233
1688984725955,-313964,4233
1688984725958,-313964,4233
1688984725964,-313964,4233
1688984725974,-313964,4233
1688984725977,-313964,4233
1688984725980,-313964,4233
1688984725982,-313964,4233
1688984725984,-313964,4233
1688984725986,-313964,4233
1688984725988,-313964,4233
1688984725991,-313964,4233
1688984725993,-313964,4233
1688984725995,-313964,4233
1688984725997,-313964,4233
1688984725999,-313964,4233
1688984726000,-313964,4233
1688984726002,-313964,4233
1688984726004,-313964,4233
1688984726006,-313964,4233
1688984726008,-313964,4233
1688984726010,-313964,4233
1688984726013,-313964,4233
1688984726015,-313964,4233
1688984726016,-313964,4233
1688984726018,-313964,4233
1688984726021,-313964,4233
1688984726024,-313964,4233
1688984726026,-313964,4233
1688984726028,-313964,4233
1688984726030,-313964,4233
1688984726033,-313964,4233
1688984726035,-313964,4233
1688984726037,-313964,4233
1688984726039,-313964,4233
1688984726043,-313964,4233
1688984726046,-313964,4233
1688984726049,-313964,4233
1688984726052,-313964,4233
1688984726055,-313964,4233
1688984726058,-313964,4233
1688984726061,-313964,4233
1688984726064,-313964,4233
1688984726068,-313964,4233
1688984726072,-313964,4233
1688984726074,-313964,4233
1688984726077,-313964,4233
1688984726080,-313964,4233
1688984726082,-313964,4233
1688984726085,-313964,4233
1688984726087,-313964,4233
1688984726090,-313964,4233
1688984726092,-313964,4233
1688984726095,-313964,4233
1688984726097,-313964,4233
1688984726099,-313964,4233
1688984726102,-313964,4233
1688984726104,-313964,4233
1688984726106,-313964,4233
1688984726110,-313964,4233
1688984726113,-313964,4233
1688984726116,-313964,4233
1688984726118,-313964,4233
1688984726122,-313964,4233
1688984726124,-313964,4233
1688984726126,-313964,4233
1688984726129,-313964,4233
1688984726132,-313964,4233
1688984726134,-313964,4233
1688984726136,-313964,4233
1688984726138,-313964,4233
1688984726142,-313964,4233
1688984726144,-313964,4233
1688984726147,-313964,4233
1688984726150,-313964,4233
1688984726152,-313964,4233
1688984726155,-313964,4233
1688984726160,-313964,4233
1688984726163,-313964,4233
1688984726166,-313964,4233
1688984726168,-313964,4233
1688984726171,-313964,4233
1688984726173,-313964,4233
1688984726176,-313964,4233
1688984726178,-313964,4233
1688984726181,-313964,4233
1688984726184,-313964,4233
1688984726186,-313964,4233
1688984726189,-313964,4233
1688984726192,-313964,4233
1688984726194,-313964,4233
1688984726197,-313964,4233
1688984726199,-313964,4233
1688984726202,-313964,4233
1688984726204,-313964,4233
1688984726206,-313964,4233
1688984726209,-313964,4233
1688984726211,-313964,4233
1688984726214,-313964,4233
1688984726216,-313964,4233
1688984726219,-313964,4233
1688984726222,-313964,4233
1688984726224,-313964,4233
1688984726226,-313964,4233
1688984726229,-313964,4233
1688984726232,-313964,4233
1688984726234,-313964,4233
1688984726237,-313964,4233
1688984726239,-313964,4233
1688984726242,-313964,4233
1688984726244,-313964,4233
1688984726247,-313964,4233
1688984726250,-313964,4233
1688984726252,-313964,4233
1688984726255,-313964,4233
1688984726258,-313964,4233
1688984726261,-313964,4233
1688984726263,-313964,4233
1688984726265,-313964,4233
1688984726268,-313964,4233
1688984726271,-313964,4233
1688984726274,-313964,4233
1688984726276,-313964,4233
1688984726280,-313964,4233
1688984726283,-313964,4233
1688984726286,-313964,4233
1688984726289,-313964,4233
1688984726292,-313964,4233
1688984726295,-313964,4233
1688984726297,-313964,4233
1688984726301,-313964,4233
1688984726304,-313964,4233
1688984726308,-313964,4233
1688984726312,-313964,4233
1688984726316,-313964,4233
1688984726319,-313964,4233
1688984726323,-313964,4233
1688984726326,-313964,4233
1688984726330,-313964,4233
1688984726333,-313964,4233
1688984726336,-313964,4233
1688984726340,-313964,4233
1688984726343,-313964,4233
1688984726350,-313964,4233
1688984726354,-313964,4233
1688984726358,-313964,4233
1688984726362,-313964,4233
1688984726365,-313964,4233
1688984726368,-313964,4233
1688984726372,-313964,4233
1688984726375,-313964,4233
1688984726378,-313964,4233
1688984726383,-313964,4233
1688984726387,-313964,4233
1688984726391,-313964,4233
1688984726395,-313964,4233
1688984726398,-313964,4233
1688984726402,-313964,4233
1688984726406,-313964,4233
1688984726410,-313964,4233
1688984726414,-313964,4233
1688984726417,-313964,4233
1688984726421,-313964,4233
1688984726425,-313964,4233
1688984726428,-313964,4233
1688984726433,-313964,4233
1688984726437,-313964,4233
1688984726440,-313964,4233
1688984726444,-313964,4233
1688984726447,-313964,4233
1688984726450,-313964,4233
1688984726454,-313964,4233
1688984726457,-313964,4233
1688984726461,-313964,4233
1688984726467,-313964,4233
1688984726473,-313964,4233
1688984726477,-313964,4233
1688984726481,-313964,4233
1688984726485,-313964,4233
1688984726488,-313964,4233
1688984726492,-313964,4233
1688984726495,-313964,4233
1688984726499,-313964,4233
1688984726503,-313964,4233
1688984726507,-313964,4233
1688984726512,-313964,4233
1688984726516,-313964,4233
1688984726519,-313964,4233
1688984726523,-313964,4233
1688984726526,-313964,4233
1688984726529,-313964,4233
1688984726533,-313964,4233
1688984726537,-313964,4233
1688984726541,-313964,4233
1688984726544,-313964,4233
1688984726547,-313964,4233
1688984726553,-313964,4233
1688984726556,-313964,4233
1688984726561,-313964,4233
1688984726564,-313964,4233
1688984726568,-313964,4233
1688984726572,-313964,4233
1688984726575,-313964,4233
1688984726578,-313964,4233
1688984726582,-313964,4233
1688984726586,-313964,4233
1688984726592,-313964,4233
1688984726596,-313964,4233
1688984726600,-313964,4233
1688984726603,-313964,4233
1688984726607,-313964,4233
1688984726611,-313964,4233
1688984726614,-313964,4233
1688984726617,-313964,4233
1688984726621,-313964,4233
1688984726625,-313964,4233
1688984726630,-313964,4233
1688984726635,-313964,4233
1688984726638,-313964,4233
1688984726642,-313964,4233
1688984726646,-313964,4233
1688984726651,-313964,4233
1688984726655,-313964,4233
1688984726658,-313964,4233
1688984726662,-313964,4233
1688984726666,-313964,4233
1688984726671,-313964,4233
1688984726675,-313964,4233
1688984726678,-313964,4233
1688984726681,-313964,4233
1688984726685,-313964,4233
1688984726688,-313964,4233
1688984726692,-313964,4233
1688984726695,-313964,4233
1688984726699,-313964,4233
1688984726702,-313964,4233
1688984726706,-313964,4233
1688984726710,-313964,4233
1688984726715,-313964,4233
1688984726718,-313964,4233
1688984726722,-313964,4233
1688984726726,-313964,4233
1688984726729,-313964,4233
1688984726733,-313964,4233
1688984726736,-313964,4233
1688984726740,-313964,4233
1688984726744,-313964,4233
1688984726748,-313964,4233
1688984726753,-313964,4233
1688984726756,-313964,4233
1688984726760,-313964,4233
1688984726763,-313964,4233
1688984726767,-313964,4233
1688984726770,-313964,4233
1688984726774,-313964,4233
1688984726777,-313964,4233
1688984726781,-313964,4233
1688984726784,-313964,4233
1688984726789,-313964,4233
1688984726793,-313964,4233
1688984726797,-313964,4233
1688984726800,-313964,4233
1688984726804,-313964,4233
1688984726807,-313964,4233
1688984726810,-313964,4233
1688984726814,-313964,4233
1688984726817,-313964,4233
1688984726821,-313964,4233
1688984726824,-313964,4233
1688984726827,-313964,4233
1688984726831,-313964,4233
1688984726835,-313964,4233
1688984726839,-313964,4233
1688984726843,-313964,4233
1688984726846,-135742,4233
1688984726850,-135742,4233
1688984726854,-135742,4233
1688984726857,-135742,4233
1688984726861,-135742,4233
1688984726865,-135742,4233
1688984726869,-135742,4233
1688984726873,-135742,4233
1688984726877,-135742,4233
1688984726880,-135742,4233
1688984726884,-135742,4233
1688984726888,-135742,4233
1688984726892,-135742,4233
1688984726895,-135742,4233
1688984726899,-135742,4233
1688984726903,-135742,4233
1688984726908,-135742,4233
1688984726913,-135742,4233
1688984726917,-135742,4233
1688984726920,-135742,4233
1688984726924,-135742,4233
1688984726928,-135742,4233
1688984726931,-135742,4233
1688984726935,-135742,4233
1688984726938,-135742,4233
1688984726942,-135742,4233
1688984726947,-135742,4233
1688984726951,-135742,4233
1688984726955,-135742,4233
1688984726958,-135742,4233
1688984726962,-135742,4233
1688984726965,-135742,4233
1688984726968,-135742,4233
1688984726972,-135742,4233
1688984726975,-135742,4233
1688984726980,-135742,4233
1688984726984,-135742,4233
1688984726989,-135742,4233
1688984726992,-135742,4233
1688984726996,-135742,4233
1688984726999,-135742,4233
1688984727003,-135742,4233
1688984727006,-135742,4233
1688984727009,-135742,4233
1688984727013,-135742,4233
1688984727016,-135742,4233
1688984727020,-135742,4233
1688984727024,-135742,4233
1688984727028,-135742,4233
1688984727033,-135742,4233
1688984727036,-135742,4233
1688984727040,-135742,4233
1688984727044,-135742,4233
1688984727047,-135742,4233
1688984727050,-135742,4233
1688984727054,-135742,4233
1688984727057,-135742,4233
1688984727066,-135742,4233
1688984727073,-135742,4233
1688984727077,-135742,4233
1688984727081,-135742,4233
1688984727085,-135742,4233
1688984727088,-135742,4233
1688984727092,-135742,4233
1688984727095,-135742,4233
1688984727099,-135742,4233
1688984727104,-135742,4233
1688984727109,-135742,4233
1688984727115,-135742,4233
1688984727121,-135742,4233
1688984727125,-135742,4233
1688984727128,-135742,4233
1688984727132,-135742,4233
1688984727135,-135742,4233
1688984727138,-135742,4233
1688984727142,-135742,4233
1688984727147,-135742,4233
1688984727151,-135742,4233
1688984727155,-135742,4233
1688984727158,-135742,4233
1688984727162,-135742,4233
1688984727165,-135742,4233
1688984727169,-135742,4233
1688984727173,-135742,4233
1688984727176,-135742,4233
1688984727180,-135742,4233
1688984727182,-135742,4233
1688984727188,-135742,4233
1688984727192,-135742,4233
1688984727195,-135742,4233
1688984727198,-135742,4233
1688984727201,-135742,4233
1688984727204,-135742,4233
1688984727206,-135742,4233
1688984727209,-135742,4233
1688984727211,-135742,4233
1688984727214,-135742,4233
1688984727216,-135742,4233
1688984727219,-135742,4233
1688984727223,-135742,4233
1688984727226,-135742,4233
1688984727229,-135742,4233
1688984727232,-135742,4233
1688984727234,-135742,4233
1688984727236,-135742,4233
1688984727239,-135742,4233
1688984727241,-135742,4233
1688984727243,-135742,4233
1688984727246,-135742,4233
1688984727248,-135742,4233
1688984727250,-135742,4233
1688984727253,-135742,4233
1688984727255,-135742,4233
1688984727257,-135742,4233
1688984727259,-135742,4233
1688984727262,-135742,4233
1688984727265,-135742,4233
1688984727267,-135742,4233
1688984727270,-135742,4233
1688984727273,-135742,4233
1688984727275,-135742,4233
1688984727277,-135742,4233
1688984727280,-135742,4233
1688984727283,-135742,4233
1688984727286,-135742,4233
1688984727288,-135742,4233
1688984727291,-135742,4233
1688984727293,-135742,4233
1688984727296,-135742,4233
1688984727298,-135742,4233
1688984727300,-135742,4233
1688984727303,-135742,4233
1688984727306,-135742,4233
1688984727308,-135742,4233
1688984727311,-135742,4233
1688984727313,-135742,4233
1688984727315,-135742,4233
1688984727318,-135742,4233
1688984727320,-135742,4233
1688984727323,-135742,4233
1688984727325,-135742,4233
1688984727328,-135742,4233
1688984727330,-135742,4233
1688984727333,-135742,4233
1688984727335,-135742,4233
1688984727338,-135742,4233
1688984727341,-135742,4233
1688984727343,-135742,4233
1688984727346,-135742,4233
1688984727348,-135742,4233
1688984727351,-135742,4233
1688984727355,-135742,4233
1688984727357,-135742,4233
1688984727360,-135742,4233
1688984727362,-135742,4233
1688984727365,-135742,4233
1688984727367,-135742,4233
1688984727370,-135742,4233
1688984727373,-135742,4233
1688984727375,-135742,4233
1688984727377,-135742,4233
1688984727379,-135742,4233
1688984727383,-135742,4233
1688984727386,-135742,4233
1688984727388,-135742,4233
1688984727391,-135742,4233
1688984727393,-135742,4233
1688984727395,-135742,4233
1688984727399,-135742,4233
1688984727401,-135742,4233
1688984727405,-135742,4233
1688984727408,-135742,4233
1688984727410,-135742,4233
1688984727413,-135742,4233
1688984727415,-135742,4233
1688984727418,-135742,4233
1688984727423,-135742,4233
1688984727426,-135742,4233
1688984727430,-135742,4233
1688984727433,-135742,4233
1688984727436,-135742,4233
1688984727440,-135742,4233
1688984727444,-135742,4233
1688984727447,-135742,4233
1688984727450,-135742,4233
1688984727453,-135742,4233
1688984727456,-135742,4233
1688984727460,-135742,4233
1688984727465,-135742,4233
1688984727469,-135742,4233
1688984727472,-135742,4233
1688984727475,-135742,4233
1688984727478,-135742,4233
1688984727482,-135742,4233
1688984727485,-135742,4233
1688984727488,-135742,4233
1688984727491,-135742,4233
1688984727495,-135742,4233
1688984727500,-135742,4233
1688984727508,-135742,4233
1688984727515,-135742,4233
1688984727520,-135742,4233
1688984727525,-135742,4233
1688984727529,-135742,4233
1688984727533,-135742,4233
1688984727536,-135742,4233
1688984727539,-135742,4233
1688984727542,-135742,4233
1688984727547,-135742,4233
1688984727552,-135742,4233
1688984727556,-135742,4233
1688984727561,-135742,4233
1688984727564,-135742,4233
1688984727567,-135742,4233
1688984727570,-135742,4233
1688984727574,-135742,4233
1688984727577,-135742,4233
1688984727581,-135742,4233
1688984727585,-135742,4233
1688984727589,-135742,4233
1688984727592,-135742,4233
1688984727594,-135742,4233
1688984727597,-135742,4233
1688984727600,-135742,4233
1688984727604,-135742,4233
1688984727607,-135742,4233
1688984727610,-135742,4233
1688984727614,-135742,4233
1688984727617,-135742,4233
1688984727620,-135742,4233
1688984727626,-135742,4233
1688984727630,-135742,4233
1688984727633,-135742,4233
1688984727636,-135742,4233
1688984727640,-135742,4233
1688984727644,-135742,4233
1688984727647,-135742,4233
1688984727651,-135742,4233
1688984727654,-135742,4233
1688984727657,-135742,4233
1688984727661,-135742,4233
1688984727665,-135742,4233
1688984727668,-135742,4233
1688984727672,-135742,4233
1688984727675,-135742,4233
1688984727678,-135742,4233
1688984727682,-135742,4233
1688984727685,-135742,4233
1688984727688,-135742,4233
1688984727692,-135742,4233
1688984727695,-135742,4233
1688984727698,-135742,4233
1688984727703,-135742,4233
1688984727707,-135742,4233
1688984727711,-135742,4233
1688984727714,-135742,4233
1688984727717,-135742,4233
1688984727720,-135742,4233
1688984727724,-135742,4233
1688984727727,-135742,4233
1688984727731,-135742,4233
1688984727734,-135742,4233
1688984727737,-135742,4233
1688984727741,-135742,4233
1688984727745,-135742,4233
1688984727748,-135742,4233
1688984727752,-135742,4233
1688984727755,-135742,4233
1688984727758,-135742,4233
1688984727762,-135742,4233
1688984727766,-135742,4233
1688984727769,-135742,4233
1688984727772,-135742,4233
1688984727775,-135742,4233
1688984727778,-135742,4233
1688984727783,-135742,4233
1688984727787,-135742,4233
1688984727791,-135742,4233
1688984727794,-135742,4233
1688984727797,-135742,4233
1688984727800,-135742,4233
1688984727804,-135742,4233
1688984727808,-135742,4233
1688984727811,-135742,4233
1688984727815,-135742,4233
1688984727817,-135742,4233
1688984727824,-135742,4233
1688984727828,-135742,4233
1688984727831,-135742,4233
1688984727835,-135742,4233
1688984727838,-135742,4233
1688984727842,-135742,4233
1688984727845,-135742,4233
1688984727848,-135742,4233
1688984727852,-135742,4233
1688984727855,-135742,4233
1688984727858,-135742,4233
1688984727863,-135742,4233
1688984727866,-135742,4233
1688984727869,-135742,4233
1688984727873,-135742,4233
1688984727876,-135742,4233
1688984727880,-135742,4233
1688984727884,-135742,4233
1688984727887,-135742,4233
1688984727891,-135742,4233
1688984727894,-135742,4233
1688984727897,-135742,4233
1688984727901,-135742,4233
1688984727905,-135742,4233
1688984727908,-135742,4233
1688984727912,-135742,4233
1688984727916,-135742,4233
1688984727919,-135742,4233
1688984727923,-135742,4233
1688984727926,-135742,4233
1688984727929,-135742,4233
1688984727932,-135742,4233
1688984727935,-135742,4233
1688984727939,-135742,4233
1688984727943,-135742,4233
1688984727947,-135742,4233
1688984727951,-135742,4233
1688984727954,-135742,4233
1688984727957,-135742,4233
1688984727961,-135742,4233
1688984727964,-135742,4233
1688984727967,-135742,4233
1688984727971,-135742,4233
1688984727974,-135742,4233
1688984727977,-135742,4233
1688984727981,-135742,4233
1688984727985,-135742,4233
1688984727988,-135742,4233
1688984727991,-135742,4233
1688984727995,-135742,4233
1688984727998,-135742,4233
1688984728002,-135742,4233
1688984728005,-135742,4233
1688984728009,-135742,4233
1688984728012,-135742,4233
1688984728015,-135742,4233
1688984728018,-135742,4233
1688984728023,-135742,4233
1688984728027,-135742,4233
1688984728031,-135742,4233
1688984728034,-135742,4233
1688984728038,-135742,4233
1688984728041,-135742,4233
1688984728044,-135742,4233
1688984728048,-135742,4233
1688984728051,-135742,4233
1688984728054,-135742,4233
1688984728057,-135742,4233
1688984728061,-135742,4233
1688984728065,-135742,4233
1688984728068,-135742,4233
1688984728072,-135742,4233
1688984728075,-135742,4233
1688984728078,-135742,4233
1688984728083,-135742,4233
1688984728086,-135742,4233
1688984728090,-135742,4233
1688984728093,-135742,4233
1688984728096,-135742,4233
1688984728101,-135742,4233
1688984728105,-135742,4233
1688984728108,-135742,4233
1688984728111,-135742,4233
1688984728114,-135742,4233
1688984728118,-135742,4233
1688984728121,-135742,4233
1688984728125,-135742,4233
1688984728128,-135742,4233
1688984728131,-135742,4233
1688984728135,-135742,4233
1688984728138,-135742,4233
1688984728143,-135742,4233
1688984728147,-135742,4233
1688984728150,-135742,4233
1688984728154,-135742,4233
1688984728157,-135742,4233
1688984728161,-135742,4233
1688984728164,-135742,4233
1688984728167,-135742,4233
1688984728171,-135742,4233
1688984728174,-135742,4233
1688984728178,-135742,4233
1688984728183,-135742,4233
1688984728186,-135742,4233
1688984728189,-135742,4233
1688984728193,-135742,4233
1688984728196,-135742,4233
1688984728199,-135742,4233
1688984728203,-135742,4233
1688984728206,-135742,4233
1688984728209,-135742,4233
1688984728212,-135742,4233
1688984728215,-135742,4233
1688984728219,-135742,4233
1688984728223,-135742,4233
1688984728227,-135742,4233
1688984728230,-135742,4233
1688984728234,-135742,4233
1688984728237,-135742,4233
1688984728241,-135742,4233
1688984728244,-135742,4233
1688984728247,-135742,4233
1688984728250,-135742,4233
1688984728253,-135742,4233
1688984728257,-135742,4233
1688984728261,-135742,4233
1688984728265,-135742,4233
1688984728268,-135742,4233
1688984728272,-135742,4233
1688984728275,-135742,4233
1688984728278,-135742,4233
1688984728288,-135742,4233
1688984728293,-135742,4233
1688984728297,-135742,4233
1688984728303,-135742,4233
1688984728306,-135742,4233
1688984728309,-135742,4233
1688984728312,-135742,4233
1688984728314,-143066,4233
1688984728316,-143066,4233
1688984728320,-143066,4233
1688984728323,-143066,4233
1688984728325,-143066,4233
1688984728328,-143066,4233
1688984728330,-143066,4233
1688984728333,-143066,4233
1688984728335,-143066,4233
1688984728338,-143066,4233
1688984728341,-143066,4233
1688984728344,-143066,4233
1688984728346,-143066,4233
1688984728348,-143066,4233
1688984728351,-143066,4233
1688984728355,-143066,4233
1688984728359,-143066,4233
1688984728362,-143066,4233
1688984728364,-143066,4233
1688984728367,-143066,4233
1688984728369,-143066,4233
1688984728372,-143066,4233
1688984728374,-143066,4233
1688984728377,-143066,4233
1688984728380,-143066,4233
1688984728383,-143066,4233
1688984728385,-143066,4233
1688984728388,-143066,4233
1688984728390,-143066,4233
1688984728392,-143066,4233
1688984728395,-143066,4233
1688984728397,-143066,4233
1688984728400,-143066,4233
1688984728402,-143066,4233
1688984728404,-143066,4233
1688984728407,-143066,4233
1688984728410,-143066,4233
1688984728412,-143066,4233
1688984728415,-143066,4233
1688984728417,-143066,4233
1688984728421,-143066,4233
1688984728423,-143066,4233
1688984728425,-143066,4233
1688984728428,-143066,4233
1688984728431,-143066,4233
1688984728433,-143066,4233
1688984728435,-143066,4233
1688984728438,-143066,4233
1688984728440,-143066,4233
1688984728443,-143066,4233
1688984728445,-143066,4233
1688984728448,-143066,4233
1688984728451,-143066,4233
1688984728453,-143066,4233
1688984728456,-143066,4233
1688984728458,-143066,4233
1688984728461,-143066,4233
1688984728463,-143066,4233
1688984728465,-143066,4233
1688984728467,-143066,4233
1688984728470,-143066,4233
1688984728472,-143066,4233
1688984728474,-143066,4233
1688984728476,-143066,4233
1688984728478,-143066,4233
1688984728480,-143066,4233
1688984728482,-143066,4233
1688984728484,-143066,4233
1688984728486,-143066,4233
1688984728488,-143066,4233
1688984728490,-143066,4233
1688984728493,-143066,4233
1688984728495,-143066,4233
1688984728498,-143066,4233
1688984728501,-143066,4233
1688984728503,-143066,4233
1688984728506,-143066,4233
1688984728508,-143066,4233
1688984728511,-143066,4233
1688984728513,-143066,4233
1688984728515,-143066,4233
1688984728518,-143066,4233
1688984728520,-143066,4233
1688984728524,-143066,4233
1688984728526,-143066,4233
1688984728528,-143066,4233
1688984728531,-143066,4233
1688984728533,-143066,4233
1688984728537,-143066,4233
1688984728540,-143066,4233
1688984728543,-143066,4233
1688984728545,-143066,4233
1688984728547,-143066,4233
1688984728549,-143066,4233
1688984728553,-143066,4233
1688984728556,-143066,4233
1688984728559,-143066,4233
1688984728563,-143066,4233
1688984728566,-143066,4233
1688984728570,-143066,4233
1688984728574,-143066,4233
1688984728577,-143066,4233
1688984728581,-143066,4233
1688984728584,-143066,4233
1688984728587,-143066,4233
1688984728590,-143066,4233
1688984728593,-143066,4233
1688984728596,-143066,4233
1688984728599,-143066,4233
1688984728602,-143066,4233
1688984728604,-143066,4233
1688984728606,-143066,4233
1688984728608,-143066,4233
1688984728611,-143066,4233
1688984728613,-143066,4233
1688984728616,-143066,4233
1688984728620,-143066,4233
1688984728623,-143066,4233
1688984728626,-143066,4233
1688984728629,-143066,4233
1688984728633,-143066,4233
1688984728636,-143066,4233
1688984728640,-143066,4233
1688984728644,-143066,4233
1688984728648,-143066,4233
1688984728651,-143066,4233
1688984728655,-143066,4233
1688984728659,-143066,4233
1688984728664,-143066,4233
1688984728667,-143066,4233
1688984728670,-143066,4233
1688984728673,-143066,4233
1688984728676,-143066,4233
1688984728679,-143066,4233
1688984728683,-143066,4233
1688984728686,-143066,4233
1688984728689,-143066,4233
1688984728693,-143066,4233
1688984728697,-143066,4233
1688984728702,-143066,4233
1688984728705,-143066,4233
1688984728708,-143066,4233
1688984728712,-143066,4233
1688984728715,-143066,4233
1688984728718,-143066,4233
1688984728724,-143066,4233
1688984728727,-143066,4233
1688984728731,-143066,4233
1688984728734,-143066,4233
1688984728738,-143066,4233
1688984728742,-143066,4233
1688984728745,-143066,4233
1688984728749,-143066,4233
1688984728753,-143066,4233
1688984728756,-143066,4233
1688984728759,-143066,4233
1688984728763,-143066,4233
1688984728766,-143066,4233
1688984728769,-143066,4233
1688984728773,-143066,4233
1688984728778,-143066,4233
1688984728782,-143066,4233
1688984728785,-143066,4233
1688984728788,-143066,4233
1688984728792,-143066,4233
1688984728795,-143066,4233
1688984728798,-143066,4233
1688984728802,-143066,4233
1688984728805,-143066,4233
1688984728809,-143066,4233
1688984728813,-143066,4233
1688984728816,-143066,4233
1688984728820,-143066,4233
1688984728824,-143066,4233
1688984728827,-143066,4233
1688984728830,-143066,4233
1688984728833,-143066,4233
1688984728836,-143066,4233
1688984728839,-143066,4233
1688984728843,-143066,4233
1688984728846,-143066,4233
1688984728849,-143066,4233
1688984728853,-143066,4233
1688984728857,-143066,4233
1688984728860,-143066,4233
1688984728864,-143066,4233
1688984728867,-143066,4233
1688984728870,-143066,4233
1688984728873,-143066,4233
1688984728877,-143066,4233
1688984728880,-143066,4233
1688984728884,-143066,4233
1688984728887,-143066,4233
1688984728890,-143066,4233
1688984728895,-143066,4233
1688984728899,-143066,4233
1688984728903,-143066,4233
1688984728906,-143066,4233
1688984728909,-143066,4233
1688984728912,-143066,4233
1688984728915,-143066,4233
1688984728918,-143066,4233
1688984728922,-143066,4233
1688984728925,-143066,4233
1688984728928,-143066,4233
1688984728932,-143066,4233
1688984728936,-143066,4233
1688984728939,-143066,4233
1688984728943,-143066,4233
1688984728946,-143066,4233
1688984728949,-143066,4233
1688984728953,-143066,4233
1688984728956,-143066,4233
1688984728959,-143066,4233
1688984728963,-143066,4233
1688984728966,-143066,4233
1688984728969,-143066,4233
1688984728974,-143066,4233
1688984728978,-143066,4233
1688984728981,-143066,4233
1688984728986,-143066,4233
1688984728992,-143066,4233
1688984728994,-143066,4233
1688984728997,-143066,4233
1688984729000,-143066,4233
1688984729016,-143066,4233
1688984729023,-143066,4233
1688984729027,-143066,4233
1688984729031,-143066,4233
1688984729033,-143066,4233
1688984729035,-143066,4233
1688984729037,-143066,4233
1688984729039,-143066,4233
1688984729043,-143066,4233
1688984729048,-143066,4233
1688984729051,-143066,4233
1688984729057,-143066,4233
1688984729061,-143066,4233
1688984729063,-143066,4233
1688984729065,-143066,4233
1688984729066,-143066,4233
1688984729068,-143066,4233
1688984729070,-143066,4233
1688984729072,-143066,4233
1688984729074,-143066,4233
1688984729076,-143066,4233
1688984729078,-143066,4233
1688984729081,-143066,4233
1688984729083,-143066,4233
1688984729085,-143066,4233
1688984729087,-143066,4233
1688984729088,-143066,4233
1688984729091,-143066,4233
1688984729093,-143066,4233
1688984729094,-143066,4233
1688984729096,-143066,4233
1688984729097,-143066,4233
1688984729099,-143066,4233
1688984729101,-143066,4233
1688984729103,-143066,4233
1688984729105,-143066,4233
1688984729106,-143066,4233
1688984729108,-143066,4233
1688984729110,-143066,4233
1688984729112,-143066,4233
1688984729114,-143066,4233
1688984729116,-143066,4233
1688984729117,-143066,4233
1688984729119,-143066,4233
1688984729122,-143066,4233
1688984729124,-143066,4233
1688984729125,-143066,4233
1688984729127,-143066,4233
1688984729129,-143066,4233
1688984729131,-143066,4233
1688984729134,-143066,4233
1688984729136,-143066,4233
1688984729138,-143066,4233
1688984729142,-143066,4233
1688984729146,-143066,4233
1688984729150,-143066,4233
1688984729154,-143066,4233
1688984729158,-143066,4233
1688984729162,-143066,4233
1688984729166,-143066,4233
1688984729171,-143066,4233
1688984729175,-143066,4233
1688984729180,-143066,4233
1688984729184,-143066,4233
1688984729187,-143066,4233
1688984729190,-143066,4233
1688984729194,-143066,4233
1688984729197,-143066,4233
1688984729202,-143066,4233
1688984729205,-143066,4233
1688984729207,-143066,4233
1688984729208,-143066,4233
1688984729211,-143066,4233
1688984729215,-143066,4233
1688984729217,-143066,4233
1688984729220,-143066,4233
1688984729222,-143066,4233
1688984729224,-143066,4233
1688984729227,-143066,4233
1688984729238,-143066,4233
1688984729241,-143066,4233
1688984729243,-143066,4233
1688984729245,-143066,4233
1688984729247,-143066,4233
1688984729249,-143066,4233
1688984729252,-143066,4233
1688984729255,-143066,4233
1688984729257,-143066,4233
1688984729259,-143066,4233
1688984729262,-143066,4233
1688984729264,-143066,4233
1688984729266,-143066,4233
1688984729268,-143066,4233
1688984729270,-143066,4233
1688984729272,-143066,4233
1688984729274,-143066,4233
1688984729276,-143066,4233
1688984729278,-143066,4233
1688984729280,-143066,4233
1688984729282,-143066,4233
1688984729284,-143066,4233
1688984729286,-143066,4233
1688984729288,-143066,4233
1688984729290,-143066,4233
1688984729293,-143066,4233
1688984729295,-143066,4233
1688984729297,-143066,4233
1688984729299,-143066,4233
1688984729302,-143066,4233
1688984729305,-143066,4233
1688984729309,-143066,4233
1688984729312,-143066,4233
1688984729315,-143066,4233
1688984729318,-143066,4233
1688984729322,-143066,4233
1688984729325,-143066,4233
1688984729328,-143066,4233
1688984729333,-143066,4233
1688984729337,-143066,4233
1688984729340,-143066,4233
1688984729344,-143066,4233
1688984729346,-143066,4233
1688984729350,-143066,4233
1688984729353,-143066,4233
1688984729356,-143066,4233
1688984729365,-143066,4233
1688984729370,-143066,4233
1688984729374,-143066,4233
1688984729377,-143066,4233
1688984729381,-143066,4233
1688984729384,-143066,4233
1688984729387,-143066,4233
1688984729391,-143066,4233
1688984729394,-143066,4233
1688984729397,-143066,4233
1688984729400,-143066,4233
1688984729404,-143066,4233
1688984729407,-143066,4233
1688984729411,-143066,4233
1688984729415,-143066,4233
1688984729418,-143066,4233
1688984729422,-143066,4233
1688984729425,-143066,4233
1688984729428,-143066,4233
1688984729431,-143066,4233
1688984729433,-143066,4233
1688984729436,-143066,4233
1688984729438,-143066,4233
1688984729442,-143066,4233
1688984729445,-143066,4233
1688984729448,-143066,4233
1688984729451,-143066,4233
1688984729455,-143066,4233
1688984729457,-143066,4233
1688984729460,-143066,4233
1688984729463,-143066,4233
1688984729465,-143066,4233
1688984729467,-143066,4233
1688984729470,-143066,4233
1688984729472,-143066,4233
1688984729474,-143066,4233
1688984729476,-143066,4233
1688984729479,-143066,4233
1688984729482,-143066,4233
1688984729484,-143066,4233
1688984729487,-143066,4233
1688984729490,-143066,4233
1688984729493,-143066,4233
1688984729496,-143066,4233
1688984729498,-143066,4233
1688984729500,-143066,4233
1688984729503,-143066,4233
1688984729505,-143066,4233
1688984729507,-143066,4233
1688984729510,-143066,4233
1688984729512,-143066,4233
1688984729514,-143066,4233
1688984729517,-143066,4233
1688984729520,-143066,4233
1688984729522,-143066,4233
1688984729525,-143066,4233
1688984729527,-143066,4233
1688984729530,-143066,4233
1688984729533,-143066,4233
1688984729536,-143066,4233
1688984729538,-143066,4233
1688984729541,-143066,4233
1688984729543,-143066,4233
1688984729546,-143066,4233
1688984729548,-143066,4233
1688984729551,-143066,4233
1688984729553,-143066,4233
1688984729556,-143066,4233
1688984729558,-143066,4233
1688984729561,-143066,4233
1688984729563,-143066,4233
1688984729566,-143066,4233
1688984729568,-143066,4233
1688984729571,-143066,4233
1688984729573,-143066,4233
1688984729576,-143066,4233
1688984729578,-143066,4233
1688984729581,-143066,4233
1688984729583,-143066,4233
1688984729586,-143066,4233
1688984729588,-143066,4233
1688984729591,-143066,4233
1688984729593,-143066,4233
1688984729596,-143066,4233
1688984729598,-143066,4233
1688984729601,-143066,4233
1688984729604,-143066,4233
1688984729606,-143066,4233
1688984729609,-143066,4233
1688984729612,-143066,4233
1688984729614,-143066,4233
1688984729616,-143066,4233
1688984729618,-143066,4233
1688984729622,-143066,4233
1688984729624,-143066,4233
1688984729626,-143066,4233
1688984729629,-143066,4233
1688984729631,-143066,4233
1688984729633,-143066,4233
1688984729635,-143066,4233
1688984729638,-143066,4233
1688984729640,-143066,4233
1688984729642,-143066,4233
1688984729644,-143066,4233
1688984729646,-143066,4233
1688984729650,-143066,4233
1688984729652,-143066,4233
1688984729655,-143066,4233
1688984729657,-143066,4233
1688984729661,-143066,4233
1688984729664,-143066,4233
1688984729666,-143066,4233
1688984729669,-143066,4233
1688984729671,-143066,4233
1688984729673,-143066,4233
1688984729675,-143066,4233
1688984729678,-143066,4233
1688984729683,-143066,4233
1688984729686,-143066,4233
1688984729690,-143066,4233
1688984729694,-143066,4233
1688984729698,-143066,4233
1688984729702,-143066,4233
1688984729705,-143066,4233
1688984729708,-143066,4233
1688984729712,-143066,4233
1688984729715,-143066,4233
1688984729717,-143066,4233
1688984729721,-143066,4233
1688984729724,-143066,4233
1688984729726,-143066,4233
1688984729730,-143066,4233
1688984729734,-143066,4233
1688984729737,-143066,4233
1688984729741,-143066,4233
1688984729745,-143066,4233
1688984729748,-143066,4233
1688984729751,-143066,4233
1688984729754,-143066,4233
1688984729757,-143066,4233
1688984729760,-143066,4233
1688984729763,-143066,4233
1688984729766,-143066,4233
1688984729770,-143066,4233
1688984729774,-143066,4233
1688984729777,-143066,4233
1688984729780,-143066,4233
1688984729784,-163574,4233
1688984729791,-163574,4233
1688984729796,-163574,4233
1688984729800,-163574,4233
1688984729803,-163574,4233
1688984729806,-163574,4233
1688984729808,-163574,4233
1688984729812,-163574,4233
1688984729815,-163574,4233
1688984729818,-163574,4233
1688984729822,-163574,4233
1688984729826,-163574,4233
1688984729831,-163574,4233
1688984729839,-163574,4233
1688984729843,-163574,4233
1688984729846,-163574,4233
1688984729851,-163574,4233
1688984729857,-163574,4233
1688984729861,-163574,4233
1688984729864,-163574,4233
1688984729867,-163574,4233
1688984729871,-163574,4233
1688984729874,-163574,4233
1688984729877,-163574,4233
1688984729881,-163574,4233
1688984729884,-163574,4233
1688984729889,-163574,4233
1688984729893,-163574,4233
1688984729896,-163574,4233
1688984729901,-163574,4233
1688984729904,-163574,4233
1688984729907,-163574,4233
1688984729910,-163574,4233
1688984729914,-163574,4233
1688984729917,-163574,4233
1688984729921,-163574,4233
1688984729925,-163574,4233
1688984729929,-163574,4233
1688984729932,-163574,4233
1688984729935,-163574,4233
1688984729938,-163574,4233
1688984729941,-163574,4233
1688984729944,-163574,4233
1688984729947,-163574,4233
1688984729951,-163574,4233
1688984729954,-163574,4233
1688984729957,-163574,4233
1688984729961,-163574,4233
1688984729964,-163574,4233
1688984729967,-163574,4233
1688984729971,-163574,4233
1688984729974,-163574,4233
1688984729977,-163574,4233
1688984729980,-163574,4233
1688984729983,-163574,4233
1688984729986,-163574,4233
1688984729990,-163574,4233
1688984729992,-163574,4233
1688984729994,-163574,4233
1688984729996,-163574,4233
1688984729998,-163574,4233
1688984730001,-163574,4233
1688984730004,-163574,4233
1688984730010,-163574,4233
1688984730014,-163574,4233
1688984730017,-163574,4233
1688984730021,-163574,4233
1688984730024,-163574,4233
1688984730027,-163574,4233
1688984730030,-163574,4233
1688984730033,-163574,4233
1688984730036,-163574,4233
1688984730040,-163574,4233
1688984730044,-163574,4233
1688984730048,-163574,4233
1688984730052,-163574,4233
1688984730055,-163574,4233
1688984730057,-163574,4233
1688984730061,-163574,4233
1688984730064,-163574,4233
1688984730067,-163574,4233
1688984730072,-163574,4233
1688984730075,-163574,4233
1688984730078,-163574,4233
1688984730081,-163574,4233
1688984730084,-163574,4233
1688984730088,-163574,4233
1688984730092,-163574,4233
1688984730095,-163574,4233
1688984730098,-163574,4233
1688984730102,-163574,4233
1688984730105,-163574,4233
1688984730108,-163574,4233
1688984730111,-163574,4233
1688984730114,-163574,4233
1688984730117,-163574,4233
1688984730120,-163574,4233
1688984730123,-163574,4233
1688984730127,-163574,4233
1688984730131,-163574,4233
1688984730135,-163574,4233
1688984730138,-163574,4233
1688984730141,-163574,4233
1688984730144,-163574,4233
1688984730147,-163574,4233
1688984730150,-163574,4233
1688984730153,-163574,4233
1688984730156,-163574,4233
1688984730159,-163574,4233
1688984730164,-163574,4233
1688984730167,-163574,4233
1688984730171,-163574,4233
1688984730174,-163574,4233
1688984730177,-163574,4233
1688984730181,-163574,4233
1688984730183,-163574,4233
1688984730187,-163574,4233
1688984730191,-163574,4233
1688984730194,-163574,4233
1688984730197,-163574,4233
1688984730201,-163574,4233
1688984730204,-163574,4233
1688984730206,-163574,4233
1688984730210,-163574,4233
1688984730213,-163574,4233
1688984730216,-163574,4233
1688984730220,-163574,4233
1688984730222,-163574,4233
1688984730224,-163574,4233
1688984730227,-163574,4233
1688984730229,-163574,4233
1688984730232,-163574,4233
1688984730234,-163574,4233
1688984730236,-163574,4233
1688984730238,-163574,4233
1688984730241,-163574,4233
1688984730242,-163574,4233
1688984730244,-163574,4233
1688984730246,-163574,4233
1688984730248,-163574,4233
1688984730250,-163574,4233
1688984730252,-163574,4233
1688984730253,-163574,4233
1688984730255,-163574,4233
1688984730257,-163574,4233
1688984730258,-163574,4233
1688984730260,-163574,4233
1688984730262,-163574,4233
1688984730264,-163574,4233
1688984730265,-163574,4233
1688984730267,-163574,4233
1688984730268,-163574,4233
1688984730270,-163574,4233
1688984730272,-163574,4233
1688984730274,-163574,4233
1688984730275,-163574,4233
1688984730277,-163574,4233
1688984730280,-163574,4233
1688984730283,-163574,4233
1688984730287,-163574,4233
1688984730294,-163574,4233
1688984730299,-163574,4233
1688984730310,-163574,4233
1688984730314,-163574,4233
1688984730318,-163574,4233
1688984730322,-163574,4233
1688984730326,-163574,4233
1688984730331,-163574,4233
1688984730334,-163574,4233
1688984730337,-163574,4233
1688984730341,-163574,4233
1688984730345,-163574,4233
1688984730347,-163574,4233
1688984730350,-163574,4233
1688984730354,-163574,4233
1688984730357,-163574,4233
1688984730360,-163574,4233
1688984730366,-163574,4233
1688984730371,-163574,4233
1688984730375,-163574,4233
1688984730378,-163574,4233
1688984730383,-163574,4233
1688984730385,-163574,4233
1688984730387,-163574,4233
1688984730389,-163574,4233
1688984730392,-163574,4233
1688984730395,-163574,4233
1688984730397,-163574,4233
1688984730398,-163574,4233
1688984730402,-163574,4233
1688984730404,-163574,4233
1688984730406,-163574,4233
1688984730407,-163574,4233
1688984730409,-163574,4233
1688984730411,-163574,4233
1688984730412,-163574,4233
1688984730414,-163574,4233
1688984730415,-163574,4233
1688984730417,-163574,4233
1688984730419,-163574,4233
1688984730421,-163574,4233
1688984730422,-163574,4233
1688984730424,-163574,4233
1688984730426,-163574,4233
1688984730428,-163574,4233
1688984730430,-163574,4233
1688984730432,-163574,4233
1688984730433,-163574,4233
1688984730435,-163574,4233
1688984730437,-163574,4233
1688984730438,-163574,4233
1688984730441,-163574,4233
1688984730443,-163574,4233
1688984730446,-163574,4233
1688984730447,-163574,4233
1688984730449,-163574,4233
1688984730451,-163574,4233
1688984730453,-163574,4233
1688984730455,-163574,4233
1688984730457,-163574,4233
1688984730460,-163574,4233
1688984730462,-163574,4233
1688984730464,-163574,4233
1688984730466,-163574,4233
1688984730469,-163574,4233
1688984730471,-163574,4233
1688984730473,-163574,4233
1688984730475,-163574,4233
1688984730477,-163574,4233
1688984730479,-163574,4233
1688984730483,-163574,4233
1688984730487,-163574,4233
1688984730491,-163574,4233
1688984730494,-163574,4233
1688984730497,-163574,4233
1688984730501,-163574,4233
1688984730504,-163574,4233
1688984730507,-163574,4233
1688984730510,-163574,4233
1688984730513,-163574,4233
1688984730515,-163574,4233
1688984730518,-163574,4233
1688984730522,-163574,4233
1688984730525,-163574,4233
1688984730529,-163574,4233
1688984730533,-163574,4233
1688984730535,-163574,4233
1688984730538,-163574,4233
1688984730541,-163574,4233
1688984730545,-163574,4233
1688984730548,-163574,4233
1688984730551,-163574,4233
1688984730554,-163574,4233
1688984730557,-163574,4233
1688984730559,-163574,4233
1688984730562,-163574,4233
1688984730565,-163574,4233
1688984730567,-163574,4233
1688984730570,-163574,4233
1688984730573,-163574,4233
1688984730576,-163574,4233
1688984730578,-163574,4233
1688984730581,-163574,4233
1688984730584,-163574,4233
1688984730586,-163574,4233
1688984730588,-163574,4233
1688984730591,-163574,4233
1688984730594,-163574,4233
1688984730596,-163574,4233
1688984730598,-163574,4233
1688984730601,-163574,4233
1688984730603,-163574,4233
1688984730606,-163574,4233
1688984730608,-163574,4233
1688984730611,-163574,4233
1688984730614,-163574,4233
1688984730616,-163574,4233
1688984730621,-163574,4233
1688984730624,-163574,4233
1688984730626,-163574,4233
1688984730628,-163574,4233
1688984730631,-163574,4233
1688984730633,-163574,4233
1688984730636,-163574,4233
1688984730638,-163574,4233
1688984730641,-163574,4233
1688984730643,-163574,4233
1688984730646,-163574,4233
1688984730648,-163574,4233
1688984730651,-163574,4233
1688984730654,-163574,4233
1688984730656,-163574,4233
1688984730658,-163574,4233
1688984730661,-163574,4233
1688984730668,-163574,4233
1688984730671,-163574,4233
1688984730675,-163574,4233
1688984730682,-163574,4233
1688984730685,-163574,4233
1688984730688,-163574,4233
1688984730690,-163574,4233
1688984730692,-163574,4233
1688984730694,-163574,4233
1688984730697,-163574,4233
1688984730699,-163574,4233
1688984730701,-163574,4233
1688984730703,-163574,4233
1688984730705,-163574,4233
1688984730707,-163574,4233
1688984730708,-163574,4233
1688984730712,-163574,4233
1688984730714,-163574,4233
1688984730715,-163574,4233
1688984730717,-163574,4233
1688984730719,-163574,4233
1688984730721,-163574,4233
1688984730723,-163574,4233
1688984730725,-163574,4233
1688984730726,-163574,4233
1688984730728,-163574,4233
1688984730730,-163574,4233
1688984730732,-163574,4233
1688984730734,-163574,4233
1688984730735,-163574,4233
1688984730737,-163574,4233
1688984730739,-163574,4233
1688984730741,-163574,4233
1688984730743,-163574,4233
1688984730744,-163574,4233
1688984730746,-163574,4233
1688984730748,-163574,4233
1688984730750,-163574,4233
1688984730751,-163574,4233
1688984730753,-163574,4233
1688984730754,-163574,4233
1688984730756,-163574,4233
1688984730757,-163574,4233
1688984730760,-163574,4233
1688984730763,-163574,4233
1688984730765,-163574,4233
1688984730767,-163574,4233
1688984730769,-163574,4233
1688984730771,-163574,4233
1688984730773,-163574,4233
1688984730775,-163574,4233
1688984730777,-163574,4233
1688984730779,-163574,4233
1688984730782,-163574,4233
1688984730784,-163574,4233
1688984730786,-163574,4233
1688984730788,-163574,4233
1688984730791,-163574,4233
1688984730793,-163574,4233
1688984730795,-163574,4233
1688984730797,-163574,4233
1688984730799,-163574,4233
1688984730801,-163574,4233
1688984730803,-163574,4233
1688984730805,-163574,4233
1688984730807,-163574,4233
1688984730809,-163574,4233
1688984730811,-163574,4233
1688984730813,-163574,4233
1688984730815,-163574,4233
1688984730817,-163574,4233
1688984730820,-163574,4233
1688984730824,-163574,4233
1688984730827,-163574,4233
1688984730831,-163574,4233
1688984730834,-163574,4233
1688984730837,-163574,4233
1688984730842,-163574,4233
1688984730845,-163574,4233
1688984730848,-163574,4233
1688984730853,-163574,4233
1688984730856,-163574,4233
1688984730859,-163574,4233
1688984730863,-163574,4233
1688984730866,-163574,4233
1688984730869,-163574,4233
1688984730872,-163574,4233
1688984730875,-163574,4233
1688984730878,-163574,4233
1688984730884,-163574,4233
1688984730888,-163574,4233
1688984730892,-163574,4233
1688984730896,-163574,4233
1688984730899,-163574,4233
1688984730903,-163574,4233
1688984730906,-163574,4233
1688984730909,-163574,4233
1688984730912,-163574,4233
1688984730915,-163574,4233
1688984730918,-163574,4233
1688984730922,-163574,4233
1688984730926,-163574,4233
1688984730930,-163574,4233
1688984730933,-163574,4233
1688984730936,-163574,4233
1688984730940,-163574,4233
1688984730944,-163574,4233
1688984730947,-163574,4233
1688984730950,-163574,4233
1688984730954,-163574,4233
1688984730956,-163574,4233
1688984730960,-163574,4233
1688984730964,-163574,4233
1688984730968,-163574,4233
1688984730971,-163574,4233
1688984730974,-163574,4233
1688984730977,-163574,4233
1688984730990,-163574,4233
1688984730994,-163574,4233
1688984730997,-163574,4233
1688984731001,-163574,4233
1688984731005,-163574,4233
1688984731008,-163574,4233
1688984731012,-163574,4233
1688984731015,-163574,4233
1688984731019,-163574,4233
1688984731022,-163574,4233
1688984731026,-163574,4233
1688984731029,-163574,4233
1688984731033,-163574,4233
1688984731036,-163574,4233
1688984731039,-163574,4233
1688984731044,-163574,4233
1688984731047,-163574,4233
1688984731051,-163574,4233
1688984731054,-163574,4233
1688984731057,-163574,4233
1688984731062,-163574,4233
1688984731065,-163574,4233
1688984731068,-163574,4233
1688984731073,-163574,4233
1688984731076,-163574,4233
1688984731080,-163574,4233
1688984731084,-163574,4233
1688984731087,-163574,4233
1688984731091,-163574,4233
1688984731095,-163574,4233
1688984731098,-163574,4233
1688984731101,-163574,4233
1688984731105,-163574,4233
1688984731108,-163574,4233
1688984731111,-163574,4233
1688984731114,-163574,4233
1688984731117,-163574,4233
1688984731121,-163574,4233
1688984731125,-163574,4233
1688984731129,-163574,4233
1688984731133,-163574,4233
1688984731136,-163574,4233
1688984731140,-163574,4233
1688984731143,-163574,4233
1688984731146,-163574,4233
1688984731149,-163574,4233
1688984731153,-163574,4233
1688984731156,-163574,4233
1688984731159,-163574,4233
1688984731164,-163574,4233
1688984731167,-163574,4233
1688984731170,-163574,4233
1688984731172,-163574,4233
1688984731175,-163574,4233
1688984731177,-163574,4233
1688984731180,-163574,4233
1688984731183,-163574,4233
1688984731186,-163574,4233
1688984731190,-163574,4233
1688984731193,-163574,4233
1688984731196,-163574,4233
1688984731200,-163574,4233
1688984731205,-163574,4233
1688984731208,-163574,4233
1688984731212,-163574,4233
1688984731215,-163574,4233
1688984731219,-163574,4233
1688984731223,-163574,4233
1688984731226,-163574,4233
1688984731229,-163574,4233
1688984731233,-163574,4233
1688984731236,-163574,4233
1688984731240,-163574,4233
1688984731244,-163574,4233
1688984731247,-163574,4233
1688984731250,-163574,4233
1688984731253,-163574,4233
1688984731257,-144042,4233
1688984731260,-144042,4233
1688984731264,-144042,4233
1688984731267,-144042,4233
1688984731270,-144042,4233
1688984731274,-144042,4233
1688984731277,-144042,4233
1688984731281,-144042,4233
1688984731285,-144042,4233
1688984731289,-144042,4233
1688984731293,-144042,4233
1688984731296,-144042,4233
1688984731300,-144042,4233
1688984731304,-144042,4233
1688984731307,-144042,4233
1688984731311,-144042,4233
1688984731314,-144042,4233
1688984731317,-144042,4233
1688984731320,-144042,4233
1688984731324,-144042,4233
1688984731328,-144042,4233
1688984731331,-144042,4233
1688984731335,-144042,4233
1688984731338,-144042,4233
1688984731341,-144042,4233
1688984731345,-144042,4233
1688984731348,-144042,4233
1688984731351,-144042,4233
1688984731354,-144042,4233
1688984731357,-144042,4233
1688984731361,-144042,4233
1688984731365,-144042,4233
1688984731368,-144042,4233
1688984731376,-144042,4233
1688984731381,-144042,4233
1688984731385,-144042,4233
1688984731388,-144042,4233
1688984731391,-144042,4233
1688984731394,-144042,4233
1688984731397,-144042,4233
1688984731402,-144042,4233
1688984731406,-144042,4233
1688984731409,-144042,4233
1688984731413,-144042,4233
1688984731416,-144042,4233
1688984731419,-144042,4233
1688984731423,-144042,4233
1688984731426,-144042,4233
1688984731430,-144042,4233
1688984731433,-144042,4233
1688984731436,-144042,4233
1688984731440,-144042,4233
1688984731443,-144042,4233
1688984731447,-144042,4233
1688984731450,-144042,4233
1688984731454,-144042,4233
1688984731457,-144042,4233
1688984731460,-144042,4233
1688984731463,-144042,4233
1688984731466,-144042,4233
1688984731469,-144042,4233
1688984731473,-144042,4233
1688984731476,-144042,4233
1688984731478,-144042,4233
1688984731484,-144042,4233
1688984731487,-144042,4233
1688984731490,-144042,4233
1688984731493,-144042,4233
1688984731496,-144042,4233
1688984731498,-144042,4233
1688984731503,-144042,4233
1688984731506,-144042,4233
1688984731508,-144042,4233
1688984731513,-144042,4233
1688984731516,-144042,4233
1688984731521,-144042,4233
1688984731525,-144042,4233
1688984731528,-144042,4233
1688984731531,-144042,4233
1688984731535,-144042,4233
1688984731538,-144042,4233
1688984731542,-144042,4233
1688984731545,-144042,4233
1688984731548,-144042,4233
1688984731551,-144042,4233
1688984731555,-144042,4233
1688984731557,-144042,4233
1688984731562,-144042,4233
1688984731566,-144042,4233
1688984731569,-144042,4233
1688984731572,-144042,4233
1688984731575,-144042,4233
1688984731578,-144042,4233
1688984731582,-144042,4233
1688984731585,-144042,4233
1688984731588,-144042,4233
1688984731591,-144042,4233
1688984731594,-144042,4233
1688984731598,-144042,4233
1688984731602,-144042,4233
1688984731606,-144042,4233
1688984731609,-144042,4233
1688984731612,-144042,4233
1688984731615,-144042,4233
1688984731618,-144042,4233
1688984731623,-144042,4233
1688984731626,-144042,4233
1688984731631,-144042,4233
1688984731634,-144042,4233
1688984731638,-144042,4233
1688984731642,-144042,4233
1688984731646,-144042,4233
1688984731649,-144042,4233
1688984731652,-144042,4233
1688984731655,-144042,4233
1688984731658,-144042,4233
1688984731662,-144042,4233
1688984731666,-144042,4233
1688984731669,-144042,4233
1688984731672,-144042,4233
1688984731675,-144042,4233
1688984731680,-144042,4233
1688984731684,-144042,4233
1688984731686,-144042,4233
1688984731689,-144042,4233
1688984731692,-144042,4233
1688984731695,-144042,4233
1688984731697,-144042,4233
1688984731700,-144042,4233
1688984731703,-144042,4233
1688984731705,-144042,4233
1688984731707,-144042,4233
1688984731709,-144042,4233
1688984731712,-144042,4233
1688984731714,-144042,4233
1688984731716,-144042,4233
1688984731719,-144042,4233
1688984731722,-144042,4233
1688984731724,-144042,4233
1688984731726,-144042,4233
1688984731728,-144042,4233
1688984731731,-144042,4233
1688984731733,-144042,4233
1688984731736,-144042,4233
1688984731738,-144042,4233
1688984731740,-144042,4233
1688984731743,-144042,4233
1688984731745,-144042,4233
1688984731748,-144042,4233
1688984731750,-144042,4233
1688984731752,-144042,4233
1688984731755,-144042,4233
1688984731757,-144042,4233
1688984731760,-144042,4233
1688984731762,-144042,4233
1688984731764,-144042,4233
1688984731766,-144042,4233
1688984731769,-144042,4233
1688984731771,-144042,4233
1688984731773,-144042,4233
1688984731775,-144042,4233
1688984731777,-144042,4233
1688984731780,-144042,4233
1688984731782,-144042,4233
1688984731784,-144042,4233
1688984731787,-144042,4233
1688984731789,-144042,4233
1688984731792,-144042,4233
1688984731794,-144042,4233
1688984731797,-144042,4233
1688984731800,-144042,4233
1688984731803,-144042,4233
1688984731805,-144042,4233
1688984731807,-144042,4233
1688984731810,-144042,4233
1688984731813,-144042,4233
1688984731815,-144042,4233
1688984731817,-144042,4233
1688984731820,-144042,4233
1688984731823,-144042,4233
1688984731825,-144042,4233
1688984731827,-144042,4233
1688984731830,-144042,4233
1688984731832,-144042,4233
1688984731837,-144042,4233
1688984731840,-144042,4233
1688984731842,-144042,4233
1688984731844,-144042,4233
1688984731846,-144042,4233
1688984731848,-144042,4233
1688984731850,-144042,4233
1688984731853,-144042,4233
1688984731855,-144042,4233
1688984731857,-144042,4233
1688984731860,-144042,4233
1688984731862,-144042,4233
1688984731864,-144042,4233
1688984731868,-144042,4233
1688984731871,-144042,4233
1688984731874,-144042,4233
1688984731876,-144042,4233
1688984731878,-144042,4233
1688984731881,-144042,4233
1688984731884,-144042,4233
1688984731886,-144042,4233
1688984731889,-144042,4233
1688984731892,-144042,4233
1688984731894,-144042,4233
1688984731896,-144042,4233
1688984731898,-144042,4233
1688984731901,-144042,4233
1688984731903,-144042,4233
1688984731905,-144042,4233
1688984731908,-144042,4233
1688984731910,-144042,4233
1688984731912,-144042,4233
1688984731915,-144042,4233
1688984731918,-144042,4233
1688984731921,-144042,4233
1688984731923,-144042,4233
1688984731925,-144042,4233
1688984731927,-144042,4233
1688984731931,-144042,4233
1688984731935,-144042,4233
1688984731938,-144042,4233
1688984731942,-144042,4233
1688984731945,-144042,4233
1688984731948,-144042,4233
1688984731950,-144042,4233
1688984731953,-144042,4233
1688984731956,-144042,4233
1688984731960,-144042,4233
1688984731963,-144042,4233
1688984731966,-144042,4233
1688984731969,-144042,4233
1688984731973,-144042,4233
1688984731976,-144042,4233
1688984731979,-144042,4233
1688984731982,-144042,4233
1688984731985,-144042,4233
1688984731988,-144042,4233
1688984731992,-144042,4233
1688984731995,-144042,4233
1688984731999,-144042,4233
1688984732002,-144042,4233
1688984732005,-144042,4233
1688984732008,-144042,4233
1688984732011,-144042,4233
1688984732014,-144042,4233
1688984732017,-144042,4233
1688984732021,-144042,4233
1688984732025,-144042,4233
1688984732028,-144042,4233
1688984732031,-144042,4233
1688984732034,-144042,4233
1688984732037,-144042,4233
1688984732041,-144042,4233
1688984732044,-144042,4233
1688984732046,-144042,4233
1688984732051,-144042,4233
1688984732054,-144042,4233
1688984732057,-144042,4233
1688984732061,-144042,4233
1688984732073,-144042,4233
1688984732076,-144042,4233
1688984732078,-144042,4233
1688984732082,-144042,4233
1688984732085,-144042,4233
1688984732094,-144042,4233
1688984732100,-144042,4233
1688984732108,-144042,4233
1688984732111,-144042,4233
1688984732114,-144042,4233
1688984732115,-144042,4233
1688984732117,-144042,4233
1688984732119,-144042,4233
1688984732122,-144042,4233
1688984732128,-144042,4233
1688984732137,-144042,4233
1688984732140,-144042,4233
1688984732143,-144042,4233
1688984732144,-144042,4233
1688984732146,-144042,4233
1688984732148,-144042,4233
1688984732149,-144042,4233
1688984732151,-144042,4233
1688984732153,-144042,4233
1688984732155,-144042,4233
1688984732157,-144042,4233
1688984732159,-144042,4233
1688984732164,-144042,4233
1688984732167,-144042,4233
1688984732170,-144042,4233
1688984732173,-144042,4233
1688984732176,-144042,4233
1688984732180,-144042,4233
1688984732183,-144042,4233
1688984732186,-144042,4233
1688984732189,-144042,4233
1688984732192,-144042,4233
1688984732196,-144042,4233
1688984732199,-144042,4233
1688984732202,-144042,4233
1688984732205,-144042,4233
1688984732208,-144042,4233
1688984732212,-144042,4233
1688984732215,-144042,4233
1688984732218,-144042,4233
1688984732222,-144042,4233
1688984732225,-144042,4233
1688984732228,-144042,4233
1688984732231,-144042,4233
1688984732234,-144042,4233
1688984732238,-144042,4233
1688984732242,-144042,4233
1688984732245,-144042,4233
1688984732248,-144042,4233
1688984732251,-144042,4233
1688984732254,-144042,4233
1688984732257,-144042,4233
1688984732260,-144042,4233
1688984732264,-144042,4233
1688984732266,-144042,4233
1688984732270,-144042,4233
1688984732273,-144042,4233
1688984732277,-144042,4233
1688984732281,-144042,4233
1688984732284,-144042,4233
1688984732286,-144042,4233
1688984732289,-144042,4233
1688984732292,-144042,4233
1688984732296,-144042,4233
1688984732301,-144042,4233
1688984732305,-144042,4233
1688984732308,-144042,4233
1688984732311,-144042,4233
1688984732316,-144042,4233
1688984732320,-144042,4233
1688984732323,-144042,4233
1688984732326,-144042,4233
1688984732329,-144042,4233
1688984732332,-144042,4233
1688984732335,-144042,4233
1688984732337,-144042,4233
1688984732340,-144042,4233
1688984732343,-144042,4233
1688984732346,-144042,4233
1688984732349,-144042,4233
1688984732352,-144042,4233
1688984732355,-144042,4233
1688984732358,-144042,4233
1688984732362,-144042,4233
1688984732364,-144042,4233
1688984732368,-144042,4233
1688984732371,-144042,4233
1688984732379,-144042,4233
1688984732383,-144042,4233
1688984732387,-144042,4233
1688984732390,-144042,4233
1688984732393,-144042,4233
1688984732397,-144042,4233
1688984732400,-144042,4233
1688984732403,-144042,4233
1688984732405,-144042,4233
1688984732408,-144042,4233
1688984732411,-144042,4233
1688984732414,-144042,4233
1688984732417,-144042,4233
1688984732421,-144042,4233
1688984732424,-144042,4233
1688984732426,-144042,4233
1688984732430,-144042,4233
1688984732433,-144042,4233
1688984732436,-144042,4233
1688984732440,-144042,4233
1688984732444,-144042,4233
1688984732446,-144042,4233
1688984732450,-144042,4233
1688984732453,-144042,4233
1688984732456,-144042,4233
1688984732459,-144042,4233
1688984732462,-144042,4233
1688984732465,-144042,4233
1688984732468,-144042,4233
1688984732472,-144042,4233
1688984732475,-144042,4233
1688984732479,-144042,4233
1688984732482,-144042,4233
1688984732485,-144042,4233
1688984732487,-144042,4233
1688984732490,-144042,4233
1688984732493,-144042,4233
1688984732496,-144042,4233
1688984732498,-144042,4233
1688984732502,-144042,4233
1688984732505,-144042,4233
1688984732508,-144042,4233
1688984732512,-144042,4233
1688984732515,-144042,4233
1688984732518,-144042,4233
1688984732522,-144042,4233
1688984732525,-144042,4233
1688984732528,-144042,4233
1688984732532,-144042,4233
1688984732535,-144042,4233
1688984732538,-144042,4233
1688984732541,-144042,4233
1688984732544,-144042,4233
1688984732547,-144042,4233
1688984732550,-144042,4233
1688984732554,-144042,4233
1688984732557,-144042,4233
1688984732561,-144042,4233
1688984732564,-144042,4233
1688984732567,-144042,4233
1688984732570,-144042,4233
1688984732573,-144042,4233
1688984732575,-144042,4233
1688984732578,-144042,4233
1688984732581,-144042,4233
1688984732584,-144042,4233
1688984732587,-144042,4233
1688984732590,-144042,4233
1688984732594,-144042,4233
1688984732598,-144042,4233
1688984732602,-144042,4233
1688984732605,-144042,4233
1688984732608,-144042,4233
1688984732610,-144042,4233
1688984732613,-144042,4233
1688984732616,-144042,4233
1688984732618,-144042,4233
1688984732622,-144042,4233
1688984732625,-144042,4233
1688984732627,-144042,4233
1688984732631,-144042,4233
1688984732635,-144042,4233
1688984732638,-144042,4233
1688984732641,-144042,4233
1688984732645,-144042,4233
1688984732647,-144042,4233
1688984732650,-144042,4233
1688984732653,-144042,4233
1688984732656,-144042,4233
1688984732658,-144042,4233
1688984732662,-144042,4233
1688984732665,-144042,4233
1688984732668,-144042,4233
1688984732671,-144042,4233
1688984732674,-144042,4233
1688984732677,-144042,4233
1688984732680,-144042,4233
1688984732684,-144042,4233
1688984732686,-144042,4233
1688984732689,-144042,4233
1688984732692,-144042,4233
1688984732695,-144042,4233
1688984732698,-144042,4233
1688984732701,-144042,4233
1688984732704,-144042,4233
1688984732707,-144042,4233
1688984732711,-144042,4233
1688984732715,-144042,4233
1688984732718,-144042,4233
1688984732722,-144042,4233
1688984732725,-135742,4233
1688984732728,-135742,4233
1688984732731,-135742,4233
1688984732734,-135742,4233
1688984732737,-135742,4233
1688984732740,-135742,4233
1688984732742,-135742,4233
1688984732745,-135742,4233
1688984732748,-135742,4233
1688984732751,-135742,4233
1688984732754,-135742,4233
1688984732757,-135742,4233
1688984732761,-135742,4233
1688984732764,-135742,4233
1688984732766,-135742,4233
1688984732769,-135742,4233
1688984732772,-135742,4233
1688984732775,-135742,4233
1688984732778,-135742,4233
1688984732782,-135742,4233
1688984732785,-135742,4233
1688984732788,-135742,4233
1688984732791,-135742,4233
1688984732795,-135742,4233
1688984732798,-135742,4233
1688984732801,-135742,4233
1688984732804,-135742,4233
1688984732807,-135742,4233
1688984732809,-135742,4233
1688984732811,-135742,4233
1688984732813,-135742,4233
1688984732816,-135742,4233
1688984732819,-135742,4233
1688984732823,-135742,4233
1688984732826,-135742,4233
1688984732828,-135742,4233
1688984732831,-135742,4233
1688984732834,-135742,4233
1688984732836,-135742,4233
1688984732838,-135742,4233
1688984732841,-135742,4233
1688984732843,-135742,4233
1688984732846,-135742,4233
1688984732848,-135742,4233
1688984732851,-135742,4233
1688984732853,-135742,4233
1688984732855,-135742,4233
1688984732857,-135742,4233
1688984732860,-135742,4233
1688984732862,-135742,4233
1688984732865,-135742,4233
1688984732867,-135742,4233
1688984732870,-135742,4233
1688984732873,-135742,4233
1688984732875,-135742,4233
1688984732877,-135742,4233
1688984732881,-135742,4233
1688984732883,-135742,4233
1688984732885,-135742,4233
1688984732887,-135742,4233
1688984732890,-135742,4233
1688984732893,-135742,4233
1688984732895,-135742,4233
1688984732897,-135742,4233
1688984732900,-135742,4233
1688984732902,-135742,4233
1688984732904,-135742,4233
1688984732906,-135742,4233
1688984732909,-135742,4233
1688984732912,-135742,4233
1688984732914,-135742,4233
1688984732917,-135742,4233
1688984732919,-135742,4233
1688984732921,-135742,4233
1688984732923,-135742,4233
1688984732926,-135742,4233
1688984732928,-135742,4233
1688984732930,-135742,4233
1688984732933,-135742,4233
1688984732935,-135742,4233
1688984732937,-135742,4233
1688984732940,-135742,4233
1688984732942,-135742,4233
1688984732945,-135742,4233
1688984732947,-135742,4233
1688984732951,-135742,4233
1688984732953,-135742,4233
1688984732956,-135742,4233
1688984732958,-135742,4233
1688984732961,-135742,4233
1688984732963,-135742,4233
1688984732965,-135742,4233
1688984732967,-135742,4233
1688984732969,-135742,4233
1688984732972,-135742,4233
1688984732974,-135742,4233
1688984732976,-135742,4233
1688984732978,-135742,4233
1688984732981,-135742,4233
1688984732983,-135742,4233
1688984732985,-135742,4233
1688984732988,-135742,4233
1688984732991,-135742,4233
1688984732993,-135742,4233
1688984732996,-135742,4233
1688984732998,-135742,4233
1688984733000,-135742,4233
1688984733003,-135742,4233
1688984733005,-135742,4233
1688984733008,-135742,4233
1688984733010,-135742,4233
1688984733012,-135742,4233
1688984733014,-135742,4233
1688984733017,-135742,4233
1688984733019,-135742,4233
1688984733022,-135742,4233
1688984733024,-135742,4233
1688984733026,-135742,4233
1688984733028,-135742,4233
1688984733031,-135742,4233
1688984733034,-135742,4233
1688984733036,-135742,4233
1688984733039,-135742,4233
1688984733042,-135742,4233
1688984733044,-135742,4233
1688984733046,-135742,4233
1688984733048,-135742,4233
1688984733051,-135742,4233
1688984733053,-135742,4233
1688984733056,-135742,4233
1688984733060,-135742,4233
1688984733064,-135742,4233
1688984733066,-135742,4233
1688984733072,-135742,4233
1688984733076,-135742,4233
1688984733079,-135742,4233
1688984733082,-135742,4233
1688984733085,-135742,4233
1688984733087,-135742,4233
1688984733090,-135742,4233
1688984733093,-135742,4233
1688984733096,-135742,4233
1688984733099,-135742,4233
1688984733102,-135742,4233
1688984733105,-135742,4233
1688984733108,-135742,4233
1688984733111,-135742,4233
1688984733115,-135742,4233
1688984733117,-135742,4233
1688984733121,-135742,4233
1688984733124,-135742,4233
1688984733127,-135742,4233
1688984733130,-135742,4233
1688984733134,-135742,4233
1688984733136,-135742,4233
1688984733140,-135742,4233
1688984733143,-135742,4233
1688984733146,-135742,4233
1688984733149,-135742,4233
1688984733152,-135742,4233
1688984733156,-135742,4233
1688984733158,-135742,4233
1688984733162,-135742,4233
1688984733166,-135742,4233
1688984733168,-135742,4233
1688984733171,-135742,4233
1688984733174,-135742,4233
1688984733177,-135742,4233
1688984733180,-135742,4233
1688984733183,-135742,4233
1688984733185,-135742,4233
1688984733188,-135742,4233
1688984733193,-135742,4233
1688984733196,-135742,4233
1688984733200,-135742,4233
1688984733203,-135742,4233
1688984733205,-135742,4233
1688984733208,-135742,4233
1688984733211,-135742,4233
1688984733214,-135742,4233
1688984733217,-135742,4233
1688984733221,-135742,4233
1688984733224,-135742,4233
1688984733227,-135742,4233
1688984733231,-135742,4233
1688984733234,-135742,4233
1688984733237,-135742,4233
1688984733241,-135742,4233
1688984733244,-135742,4233
1688984733247,-135742,4233
1688984733249,-135742,4233
1688984733252,-135742,4233
1688984733255,-135742,4233
1688984733257,-135742,4233
1688984733261,-135742,4233
1688984733264,-135742,4233
1688984733267,-135742,4233
1688984733271,-135742,4233
1688984733274,-135742,4233
1688984733277,-135742,4233
1688984733280,-135742,4233
1688984733284,-135742,4233
1688984733286,-135742,4233
1688984733289,-135742,4233
1688984733292,-135742,4233
1688984733295,-135742,4233
1688984733298,-135742,4233
1688984733301,-135742,4233
1688984733304,-135742,4233
1688984733307,-135742,4233
1688984733312,-135742,4233
1688984733315,-135742,4233
1688984733318,-135742,4233
1688984733321,-135742,4233
1688984733324,-135742,4233
1688984733327,-135742,4233
1688984733330,-135742,4233
1688984733333,-135742,4233
1688984733336,-135742,4233
1688984733340,-135742,4233
1688984733344,-135742,4233
1688984733347,-135742,4233
1688984733350,-135742,4233
1688984733354,-135742,4233
1688984733357,-135742,4233
1688984733361,-135742,4233
1688984733364,-135742,4233
1688984733366,-135742,4233
1688984733370,-135742,4233
1688984733373,-135742,4233
1688984733376,-135742,4233
1688984733379,-135742,4233
1688984733386,-135742,4233
1688984733391,-135742,4233
1688984733394,-135742,4233
1688984733396,-135742,4233
1688984733399,-135742,4233
1688984733401,-135742,4233
1688984733403,-135742,4233
1688984733404,-135742,4233
1688984733406,-135742,4233
1688984733407,-135742,4233
1688984733409,-135742,4233
1688984733411,-135742,4233
1688984733412,-135742,4233
1688984733414,-135742,4233
1688984733415,-135742,4233
1688984733417,-135742,4233
1688984733418,-135742,4233
1688984733420,-135742,4233
1688984733422,-135742,4233
1688984733424,-135742,4233
1688984733425,-135742,4233
1688984733427,-135742,4233
1688984733430,-135742,4233
1688984733431,-135742,4233
1688984733433,-135742,4233
1688984733435,-135742,4233
1688984733436,-135742,4233
1688984733438,-135742,4233
1688984733440,-135742,4233
1688984733442,-135742,4233
1688984733444,-135742,4233
1688984733446,-135742,4233
1688984733448,-135742,4233
1688984733450,-135742,4233
1688984733452,-135742,4233
1688984733453,-135742,4233
1688984733455,-135742,4233
1688984733457,-135742,4233
1688984733460,-135742,4233
1688984733462,-135742,4233
1688984733463,-135742,4233
1688984733465,-135742,4233
1688984733468,-135742,4233
1688984733470,-135742,4233
1688984733472,-135742,4233
1688984733474,-135742,4233
1688984733476,-135742,4233
1688984733478,-135742,4233
1688984733481,-135742,4233
1688984733485,-135742,4233
1688984733488,-135742,4233
1688984733492,-135742,4233
1688984733495,-135742,4233
1688984733498,-135742,4233
1688984733502,-135742,4233
1688984733505,-135742,4233
1688984733508,-135742,4233
1688984733512,-135742,4233
1688984733514,-135742,4233
1688984733516,-135742,4233
1688984733519,-135742,4233
1688984733522,-135742,4233
1688984733524,-135742,4233
1688984733526,-135742,4233
1688984733528,-135742,4233
1688984733530,-135742,4233
1688984733532,-135742,4233
1688984733534,-135742,4233
1688984733536,-135742,4233
1688984733538,-135742,4233
1688984733540,-135742,4233
1688984733542,-135742,4233
1688984733544,-135742,4233
1688984733546,-135742,4233
1688984733548,-135742,4233
1688984733549,-135742,4233
1688984733551,-135742,4233
1688984733553,-135742,4233
1688984733554,-135742,4233
1688984733556,-135742,4233
1688984733557,-135742,4233
1688984733559,-135742,4233
1688984733561,-135742,4233
1688984733562,-135742,4233
1688984733563,-135742,4233
1688984733565,-135742,4233
1688984733567,-135742,4233
1688984733568,-135742,4233
1688984733570,-135742,4233
1688984733571,-135742,4233
1688984733573,-135742,4233
1688984733574,-135742,4233
1688984733575,-135742,4233
1688984733577,-135742,4233
1688984733579,-135742,4233
1688984733582,-135742,4233
1688984733584,-135742,4233
1688984733585,-135742,4233
1688984733588,-135742,4233
1688984733590,-135742,4233
1688984733592,-135742,4233
1688984733594,-135742,4233
1688984733596,-135742,4233
1688984733598,-135742,4233
1688984733601,-135742,4233
1688984733603,-135742,4233
1688984733605,-135742,4233
1688984733606,-135742,4233
1688984733608,-135742,4233
1688984733610,-135742,4233
1688984733612,-135742,4233
1688984733614,-135742,4233
1688984733616,-135742,4233
1688984733618,-135742,4233
1688984733620,-135742,4233
1688984733624,-135742,4233
1688984733627,-135742,4233
1688984733631,-135742,4233
1688984733635,-135742,4233
1688984733638,-135742,4233
1688984733641,-135742,4233
1688984733644,-135742,4233
1688984733647,-135742,4233
1688984733650,-135742,4233
1688984733653,-135742,4233
1688984733656,-135742,4233
1688984733660,-135742,4233
1688984733663,-135742,4233
1688984733666,-135742,4233
1688984733671,-135742,4233
1688984733674,-135742,4233
1688984733677,-135742,4233
1688984733681,-135742,4233
1688984733685,-135742,4233
1688984733688,-135742,4233
1688984733691,-135742,4233
1688984733694,-135742,4233
1688984733697,-135742,4233
1688984733701,-135742,4233
1688984733705,-135742,4233
1688984733708,-135742,4233
1688984733712,-135742,4233
1688984733715,-135742,4233
1688984733718,-135742,4233
1688984733721,-135742,4233
1688984733723,-135742,4233
1688984733725,-135742,4233
1688984733727,-135742,4233
1688984733730,-135742,4233
1688984733732,-135742,4233
1688984733734,-135742,4233
1688984733737,-135742,4233
1688984733739,-135742,4233
1688984733742,-135742,4233
1688984733745,-135742,4233
1688984733750,-135742,4233
1688984733753,-135742,4233
1688984733756,-135742,4233
1688984733760,-135742,4233
1688984733763,-135742,4233
1688984733766,-135742,4233
1688984733769,-135742,4233
1688984733773,-135742,4233
1688984733775,-135742,4233
1688984733778,-135742,4233
1688984733781,-135742,4233
1688984733785,-135742,4233
1688984733788,-135742,4233
1688984733793,-135742,4233
1688984733796,-135742,4233
1688984733799,-135742,4233
1688984733802,-135742,4233
1688984733805,-135742,4233
1688984733808,-135742,4233
1688984733812,-135742,4233
1688984733815,-135742,4233
1688984733818,-135742,4233
1688984733822,-135742,4233
1688984733824,-135742,4233
1688984733826,-135742,4233
1688984733829,-135742,4233
1688984733831,-135742,4233
1688984733834,-135742,4233
1688984733836,-135742,4233
1688984733838,-135742,4233
1688984733841,-135742,4233
1688984733844,-135742,4233
1688984733846,-135742,4233
1688984733849,-135742,4233
1688984733853,-135742,4233
1688984733856,-135742,4233
1688984733859,-135742,4233
1688984733862,-135742,4233
1688984733867,-135742,4233
1688984733871,-135742,4233
1688984733874,-135742,4233
1688984733877,-135742,4233
1688984733881,-135742,4233
1688984733884,-135742,4233
1688984733888,-135742,4233
1688984733891,-135742,4233
1688984733895,-135742,4233
1688984733898,-135742,4233
1688984733901,-135742,4233
1688984733904,-135742,4233
1688984733908,-135742,4233
1688984733911,-135742,4233
1688984733915,-135742,4233
1688984733918,-135742,4233
1688984733921,-135742,4233
1688984733924,-135742,4233
1688984733927,-135742,4233
1688984733930,-135742,4233
1688984733933,-135742,4233
1688984733935,-135742,4233
1688984733938,-135742,4233
1688984733941,-135742,4233
1688984733944,-135742,4233
1688984733947,-135742,4233
1688984733950,-135742,4233
1688984733952,-135742,4233
1688984733955,-135742,4233
1688984733957,-135742,4233
1688984733959,-135742,4233
1688984733962,-135742,4233
1688984733964,-135742,4233
1688984733966,-135742,4233
1688984733969,-135742,4233
1688984733971,-135742,4233
1688984733973,-135742,4233
1688984733976,-135742,4233
1688984733978,-135742,4233
1688984733980,-135742,4233
1688984733982,-135742,4233
1688984733985,-135742,4233
1688984733987,-135742,4233
1688984733989,-135742,4233
1688984733992,-135742,4233
1688984733994,-135742,4233
1688984733996,-135742,4233
1688984733998,-135742,4233
1688984734001,-135742,4233
1688984734003,-135742,4233
1688984734005,-135742,4233
1688984734007,-135742,4233
1688984734009,-135742,4233
1688984734011,-135742,4233
1688984734013,-135742,4233
1688984734015,-135742,4233
1688984734017,-135742,4233
1688984734020,-135742,4233
1688984734022,-135742,4233
1688984734025,-135742,4233
1688984734027,-135742,4233
1688984734028,-135742,4233
1688984734030,-135742,4233
1688984734032,-135742,4233
1688984734034,-135742,4233
1688984734036,-135742,4233
1688984734038,-135742,4233
1688984734040,-135742,4233
1688984734042,-135742,4233
1688984734043,-135742,4233
1688984734045,-135742,4233
1688984734046,-135742,4233
1688984734048,-135742,4233
1688984734050,-135742,4233
1688984734052,-135742,4233
1688984734053,-135742,4233
1688984734055,-135742,4233
1688984734056,-135742,4233
1688984734058,-135742,4233
1688984734059,-135742,4233
1688984734061,-135742,4233
1688984734063,-135742,4233
1688984734065,-135742,4233
1688984734066,-135742,4233
1688984734068,-135742,4233
1688984734070,-135742,4233
1688984734072,-135742,4233
1688984734073,-135742,4233
1688984734075,-135742,4233
1688984734076,-135742,4233
1688984734078,-135742,4233
1688984734080,-135742,4233
1688984734082,-135742,4233
1688984734083,-135742,4233
1688984734085,-135742,4233
1688984734086,-135742,4233
1688984734088,-135742,4233
1688984734090,-135742,4233
1688984734093,-135742,4233
1688984734095,-135742,4233
1688984734097,-135742,4233
1688984734098,-135742,4233
1688984734100,-135742,4233
1688984734102,-135742,4233
1688984734104,-135742,4233
1688984734106,-135742,4233
1688984734108,-135742,4233
1688984734111,-135742,4233
1688984734113,-135742,4233
1688984734114,-135742,4233
1688984734116,-135742,4233
1688984734118,-135742,4233
1688984734121,-135742,4233
1688984734123,-135742,4233
1688984734125,-135742,4233
1688984734127,-135742,4233
1688984734130,-135742,4233
1688984734132,-135742,4233
1688984734134,-135742,4233
1688984734136,-135742,4233
1688984734138,-135742,4233
1688984734141,-135742,4233
1688984734144,-135742,4233
1688984734146,-135742,4233
1688984734148,-135742,4233
1688984734151,-135742,4233
1688984734153,-135742,4233
1688984734155,-135742,4233
1688984734157,-135742,4233
1688984734159,-135742,4233
1688984734162,-135742,4233
1688984734165,-135742,4233
1688984734168,-135742,4233
1688984734170,-135742,4233
1688984734173,-135742,4233
1688984734175,-135742,4233
1688984734177,-135742,4233
1688984734181,-135742,4233
1688984734185,-135742,4233
1688984734188,-135742,4233
1688984734191,-135742,4233
1688984734195,-215331,4233
1688984734197,-215331,4233
1688984734202,-215331,4233
1688984734205,-215331,4233
1688984734208,-215331,4233
1688984734211,-215331,4233
1688984734214,-215331,4233
1688984734217,-215331,4233
1688984734220,-215331,4233
1688984734223,-215331,4233
1688984734227,-215331,4233
1688984734230,-215331,4233
1688984734234,-215331,4233
1688984734236,-215331,4233
1688984734241,-215331,4233
1688984734244,-215331,4233
1688984734247,-215331,4233
1688984734250,-215331,4233
1688984734253,-215331,4233
1688984734256,-215331,4233
1688984734259,-215331,4233
1688984734262,-215331,4233
1688984734265,-215331,4233
1688984734268,-215331,4233
1688984734271,-215331,4233
1688984734274,-215331,4233
1688984734277,-215331,4233
1688984734280,-215331,4233
1688984734283,-215331,4233
1688984734286,-215331,4233
1688984734289,-215331,4233
1688984734292,-215331,4233
1688984734295,-215331,4233
1688984734298,-215331,4233
1688984734304,-215331,4233
1688984734307,-215331,4233
1688984734311,-215331,4233
1688984734314,-215331,4233
1688984734317,-215331,4233
1688984734320,-215331,4233
1688984734324,-215331,4233
1688984734327,-215331,4233
1688984734331,-215331,4233
1688984734335,-215331,4233
1688984734338,-215331,4233
1688984734344,-215331,4233
1688984734347,-215331,4233
1688984734350,-215331,4233
1688984734353,-215331,4233
1688984734356,-215331,4233
1688984734358,-215331,4233
1688984734364,-215331,4233
1688984734369,-215331,4233
1688984734373,-215331,4233
1688984734376,-215331,4233
1688984734379,-215331,4233
1688984734383,-215331,4233
1688984734387,-215331,4233
1688984734391,-215331,4233
1688984734395,-215331,4233
1688984734398,-215331,4233
1688984734402,-215331,4233
1688984734405,-215331,4233
1688984734408,-215331,4233
1688984734412,-215331,4233
1688984734415,-215331,4233
1688984734418,-215331,4233
1688984734424,-215331,4233
1688984734431,-215331,4233
1688984734436,-215331,4233
1688984734439,-215331,4233
1688984734443,-215331,4233
1688984734445,-215331,4233
1688984734447,-215331,4233
1688984734449,-215331,4233
1688984734453,-215331,4233
1688984734455,-215331,4233
1688984734457,-215331,4233
1688984734460,-215331,4233
1688984734462,-215331,4233
1688984734464,-215331,4233
1688984734465,-215331,4233
1688984734467,-215331,4233
1688984734468,-215331,4233
1688984734470,-215331,4233
1688984734471,-215331,4233
1688984734473,-215331,4233
1688984734474,-215331,4233
1688984734476,-215331,4233
1688984734477,-215331,4233
1688984734479,-215331,4233
1688984734481,-215331,4233
1688984734483,-215331,4233
1688984734485,-215331,4233
1688984734486,-215331,4233
1688984734488,-215331,4233
1688984734490,-215331,4233
1688984734491,-215331,4233
1688984734493,-215331,4233
1688984734495,-215331,4233
1688984734496,-215331,4233
1688984734498,-215331,4233
1688984734500,-215331,4233
1688984734502,-215331,4233
1688984734504,-215331,4233
1688984734506,-215331,4233
1688984734507,-215331,4233
1688984734510,-215331,4233
1688984734512,-215331,4233
1688984734514,-215331,4233
1688984734516,-215331,4233
1688984734517,-215331,4233
1688984734520,-215331,4233
1688984734521,-215331,4233
1688984734523,-215331,4233
1688984734525,-215331,4233
1688984734527,-215331,4233
1688984734529,-215331,4233
1688984734531,-215331,4233
1688984734533,-215331,4233
1688984734535,-215331,4233
1688984734537,-215331,4233
1688984734539,-215331,4233
1688984734543,-215331,4233
1688984734547,-215331,4233
1688984734550,-215331,4233
1688984734554,-215331,4233
1688984734556,-215331,4233
1688984734560,-215331,4233
1688984734563,-215331,4233
1688984734566,-215331,4233
1688984734569,-215331,4233
1688984734573,-215331,4233
1688984734576,-215331,4233
1688984734578,-215331,4233
1688984734583,-215331,4233
1688984734586,-215331,4233
1688984734589,-215331,4233
1688984734592,-215331,4233
1688984734595,-215331,4233
1688984734598,-215331,4233
1688984734602,-215331,4233
1688984734606,-215331,4233
1688984734609,-215331,4233
1688984734613,-215331,4233
1688984734615,-215331,4233
1688984734618,-215331,4233
1688984734623,-215331,4233
1688984734626,-215331,4233
1688984734629,-215331,4233
1688984734632,-215331,4233
1688984734635,-215331,4233
1688984734638,-215331,4233
1688984734642,-215331,4233
1688984734646,-215331,4233
1688984734649,-215331,4233
1688984734653,-215331,4233
1688984734655,-215331,4233
1688984734658,-215331,4233
1688984734662,-215331,4233
1688984734666,-215331,4233
1688984734670,-215331,4233
1688984734673,-215331,4233
1688984734676,-215331,4233
1688984734679,-215331,4233
1688984734682,-215331,4233
1688984734685,-215331,4233
1688984734688,-215331,4233
1688984734692,-215331,4233
1688984734695,-215331,4233
1688984734699,-215331,4233
1688984734703,-215331,4233
1688984734706,-215331,4233
1688984734710,-215331,4233
1688984734713,-215331,4233
1688984734716,-215331,4233
1688984734720,-215331,4233
1688984734724,-215331,4233
1688984734727,-215331,4233
1688984734730,-215331,4233
1688984734733,-215331,4233
1688984734736,-215331,4233
1688984734740,-215331,4233
1688984734744,-215331,4233
1688984734747,-215331,4233
1688984734751,-215331,4233
1688984734754,-215331,4233
1688984734756,-215331,4233
1688984734760,-215331,4233
1688984734763,-215331,4233
1688984734766,-215331,4233
1688984734769,-215331,4233
1688984734772,-215331,4233
1688984734775,-215331,4233
1688984734778,-215331,4233
1688984734782,-215331,4233
1688984734785,-215331,4233
1688984734788,-215331,4233
1688984734791,-215331,4233
1688984734795,-215331,4233
1688984734798,-215331,4233
1688984734801,-215331,4233
1688984734804,-215331,4233
1688984734807,-215331,4233
1688984734811,-215331,4233
1688984734815,-215331,4233
1688984734818,-215331,4233
1688984734823,-215331,4233
1688984734827,-215331,4233
1688984734830,-215331,4233
1688984734833,-215331,4233
1688984734836,-215331,4233
1688984734838,-215331,4233
1688984734843,-215331,4233
1688984734846,-215331,4233
1688984734849,-215331,4233
1688984734852,-215331,4233
1688984734855,-215331,4233
1688984734859,-215331,4233
1688984734864,-215331,4233
1688984734867,-215331,4233
1688984734871,-215331,4233
1688984734874,-215331,4233
1688984734877,-215331,4233
1688984734881,-215331,4233
1688984734884,-215331,4233
1688984734887,-215331,4233
1688984734890,-215331,4233
1688984734893,-215331,4233
1688984734895,-215331,4233
1688984734898,-215331,4233
1688984734902,-215331,4233
1688984734905,-215331,4233
1688984734908,-215331,4233
1688984734913,-215331,4233
1688984734916,-215331,4233
1688984734919,-215331,4233
1688984734922,-215331,4233
1688984734927,-215331,4233
1688984734930,-215331,4233
1688984734934,-215331,4233
1688984734937,-215331,4233
1688984734941,-215331,4233
1688984734944,-215331,4233
1688984734948,-215331,4233
1688984734951,-215331,4233
1688984734954,-215331,4233
1688984734957,-215331,4233
1688984734960,-215331,4233
1688984734964,-215331,4233
1688984734967,-215331,4233
1688984734971,-215331,4233
1688984734974,-215331,4233
1688984734977,-215331,4233
1688984734982,-215331,4233
1688984734986,-215331,4233
1688984734989,-215331,4233
1688984734992,-215331,4233
1688984734995,-215331,4233
1688984734998,-215331,4233
1688984735002,-215331,4233
1688984735005,-215331,4233
1688984735008,-215331,4233
1688984735011,-215331,4233
1688984735014,-215331,4233
1688984735017,-215331,4233
1688984735022,-215331,4233
1688984735025,-215331,4233
1688984735029,-215331,4233
1688984735032,-215331,4233
1688984735035,-215331,4233
1688984735038,-215331,4233
1688984735042,-215331,4233
1688984735045,-215331,4233
1688984735048,-215331,4233
1688984735052,-215331,4233
1688984735055,-215331,4233
1688984735058,-215331,4233
1688984735061,-215331,4233
1688984735064,-215331,4233
1688984735066,-215331,4233
1688984735069,-215331,4233
1688984735071,-215331,4233
1688984735074,-215331,4233
1688984735076,-215331,4233
1688984735078,-215331,4233
1688984735081,-215331,4233
1688984735083,-215331,4233
1688984735085,-215331,4233
1688984735088,-215331,4233
1688984735090,-215331,4233
1688984735092,-215331,4233
1688984735095,-215331,4233
1688984735097,-215331,4233
1688984735100,-215331,4233
1688984735103,-215331,4233
1688984735105,-215331,4233
1688984735107,-215331,4233
1688984735110,-215331,4233
1688984735112,-215331,4233
1688984735115,-215331,4233
1688984735117,-215331,4233
1688984735121,-215331,4233
1688984735131,-215331,4233
1688984735134,-215331,4233
1688984735137,-215331,4233
1688984735140,-215331,4233
1688984735143,-215331,4233
1688984735145,-215331,4233
1688984735148,-215331,4233
1688984735153,-215331,4233
1688984735156,-215331,4233
1688984735160,-215331,4233
1688984735165,-215331,4233
1688984735168,-215331,4233
1688984735172,-215331,4233
1688984735176,-215331,4233
1688984735181,-215331,4233
1688984735185,-215331,4233
1688984735189,-215331,4233
1688984735192,-215331,4233
1688984735195,-215331,4233
1688984735198,-215331,4233
1688984735200,-215331,4233
1688984735202,-215331,4233
1688984735203,-215331,4233
1688984735205,-215331,4233
1688984735206,-215331,4233
1688984735207,-215331,4233
1688984735208,-215331,4233
1688984735210,-215331,4233
1688984735211,-215331,4233
1688984735212,-215331,4233
1688984735213,-215331,4233
1688984735214,-215331,4233
1688984735216,-215331,4233
1688984735217,-215331,4233
1688984735218,-215331,4233
1688984735220,-215331,4233
1688984735222,-215331,4233
1688984735223,-215331,4233
1688984735224,-215331,4233
1688984735226,-215331,4233
1688984735227,-215331,4233
1688984735229,-215331,4233
1688984735230,-215331,4233
1688984735232,-215331,4233
1688984735233,-215331,4233
1688984735235,-215331,4233
1688984735236,-215331,4233
1688984735237,-215331,4233
1688984735239,-215331,4233
1688984735241,-215331,4233
1688984735243,-215331,4233
1688984735245,-215331,4233
1688984735247,-215331,4233
1688984735248,-215331,4233
1688984735251,-215331,4233
1688984735252,-215331,4233
1688984735255,-215331,4233
1688984735257,-215331,4233
1688984735260,-215331,4233
1688984735262,-215331,4233
1688984735264,-215331,4233
1688984735266,-215331,4233
1688984735281,-215331,4233
1688984735284,-215331,4233
1688984735286,-215331,4233
1688984735288,-215331,4233
1688984735291,-215331,4233
1688984735293,-215331,4233
1688984735296,-215331,4233
1688984735298,-215331,4233
1688984735301,-215331,4233
1688984735303,-215331,4233
1688984735305,-215331,4233
1688984735308,-215331,4233
1688984735311,-215331,4233
1688984735313,-215331,4233
1688984735315,-215331,4233
1688984735317,-215331,4233
1688984735320,-215331,4233
1688984735323,-215331,4233
1688984735326,-215331,4233
1688984735328,-215331,4233
1688984735331,-215331,4233
1688984735333,-215331,4233
1688984735335,-215331,4233
1688984735337,-215331,4233
1688984735338,-215331,4233
1688984735342,-215331,4233
1688984735346,-215331,4233
1688984735350,-215331,4233
1688984735354,-215331,4233
1688984735357,-215331,4233
1688984735361,-215331,4233
1688984735365,-215331,4233
1688984735367,-215331,4233
1688984735370,-215331,4233
1688984735373,-215331,4233
1688984735376,-215331,4233
1688984735380,-215331,4233
1688984735383,-215331,4233
1688984735386,-215331,4233
1688984735388,-215331,4233
1688984735392,-215331,4233
1688984735394,-215331,4233
1688984735397,-215331,4233
1688984735400,-215331,4233
1688984735403,-215331,4233
1688984735406,-215331,4233
1688984735409,-215331,4233
1688984735411,-215331,4233
1688984735414,-215331,4233
1688984735417,-215331,4233
1688984735420,-215331,4233
1688984735423,-215331,4233
1688984735428,-215331,4233
1688984735442,-215331,4233
1688984735447,-215331,4233
1688984735450,-215331,4233
1688984735453,-215331,4233
1688984735457,-215331,4233
1688984735461,-215331,4233
1688984735464,-215331,4233
1688984735467,-215331,4233
1688984735471,-215331,4233
1688984735474,-215331,4233
1688984735476,-215331,4233
1688984735478,-215331,4233
1688984735482,-215331,4233
1688984735485,-215331,4233
1688984735488,-215331,4233
1688984735491,-215331,4233
1688984735495,-215331,4233
1688984735498,-215331,4233
1688984735502,-215331,4233
1688984735505,-215331,4233
1688984735508,-215331,4233
1688984735511,-215331,4233
1688984735514,-215331,4233
1688984735517,-215331,4233
1688984735521,-215331,4233
1688984735524,-215331,4233
1688984735527,-215331,4233
1688984735530,-215331,4233
1688984735533,-215331,4233
1688984735536,-215331,4233
1688984735540,-215331,4233
1688984735543,-215331,4233
1688984735545,-215331,4233
1688984735548,-215331,4233
1688984735551,-215331,4233
1688984735555,-215331,4233
1688984735558,-215331,4233
1688984735561,-215331,4233
1688984735564,-215331,4233
1688984735567,-215331,4233
1688984735570,-215331,4233
1688984735572,-215331,4233
1688984735575,-215331,4233
1688984735579,-215331,4233
1688984735581,-215331,4233
1688984735585,-215331,4233
1688984735588,-215331,4233
1688984735591,-215331,4233
1688984735594,-215331,4233
1688984735597,-215331,4233
1688984735601,-215331,4233
1688984735604,-215331,4233
1688984735606,-215331,4233
1688984735610,-215331,4233
1688984735613,-215331,4233
1688984735616,-215331,4233
1688984735619,-215331,4233
1688984735622,-215331,4233
1688984735625,-215331,4233
1688984735628,-215331,4233
1688984735630,-215331,4233
1688984735633,-215331,4233
1688984735636,-215331,4233
1688984735640,-215331,4233
1688984735643,-215331,4233
1688984735645,-215331,4233
1688984735648,-215331,4233
1688984735651,-215331,4233
1688984735654,-215331,4233
1688984735658,-215331,4233
1688984735661,-215331,4233
1688984735664,-140136,4233
1688984735667,-140136,4233
1688984735671,-140136,4233
1688984735676,-140136,4233
1688984735680,-140136,4233
1688984735684,-140136,4233
1688984735693,-140136,4233
1688984735701,-140136,4233
1688984735705,-140136,4233
1688984735708,-140136,4233
1688984735711,-140136,4233
1688984735714,-140136,4233
1688984735716,-140136,4233
1688984735720,-140136,4233
1688984735724,-140136,4233
1688984735727,-140136,4233
1688984735730,-140136,4233
1688984735733,-140136,4233
1688984735735,-140136,4233
1688984735736,-140136,4233
1688984735737,-140136,4233
1688984735739,-140136,4233
1688984735741,-140136,4233
1688984735743,-140136,4233
1688984735744,-140136,4233
1688984735745,-140136,4233
1688984735746,-140136,4233
1688984735747,-140136,4233
1688984735748,-140136,4233
1688984735750,-140136,4233
1688984735752,-140136,4233
1688984735754,-140136,4233
1688984735756,-140136,4233
1688984735758,-140136,4233
1688984735760,-140136,4233
1688984735762,-140136,4233
1688984735763,-140136,4233
1688984735765,-140136,4233
1688984735767,-140136,4233
1688984735769,-140136,4233
1688984735770,-140136,4233
1688984735773,-140136,4233
1688984735775,-140136,4233
1688984735777,-140136,4233
1688984735778,-140136,4233
1688984735780,-140136,4233
1688984735782,-140136,4233
1688984735784,-140136,4233
1688984735786,-140136,4233
1688984735788,-140136,4233
1688984735789,-140136,4233
1688984735792,-140136,4233
1688984735793,-140136,4233
1688984735795,-140136,4233
1688984735797,-140136,4233
1688984735799,-140136,4233
1688984735802,-140136,4233
1688984735804,-140136,4233
1688984735806,-140136,4233
1688984735808,-140136,4233
1688984735812,-140136,4233
1688984735815,-140136,4233
1688984735817,-140136,4233
1688984735820,-140136,4233
1688984735823,-140136,4233
1688984735825,-140136,4233
1688984735827,-140136,4233
1688984735830,-140136,4233
1688984735832,-140136,4233
1688984735835,-140136,4233
1688984735837,-140136,4233
1688984735839,-140136,4233
1688984735841,-140136,4233
1688984735842,-140136,4233
1688984735844,-140136,4233
1688984735845,-140136,4233
1688984735847,-140136,4233
1688984735849,-140136,4233
1688984735851,-140136,4233
1688984735853,-140136,4233
1688984735855,-140136,4233
1688984735857,-140136,4233
1688984735858,-140136,4233
1688984735861,-140136,4233
1688984735864,-140136,4233
1688984735866,-140136,4233
1688984735868,-140136,4233
1688984735870,-140136,4233
1688984735872,-140136,4233
1688984735874,-140136,4233
1688984735877,-140136,4233
1688984735880,-140136,4233
1688984735882,-140136,4233
1688984735885,-140136,4233
1688984735887,-140136,4233
1688984735889,-140136,4233
1688984735892,-140136,4233
1688984735895,-140136,4233
1688984735897,-140136,4233
1688984735899,-140136,4233
1688984735901,-140136,4233
1688984735903,-140136,4233
1688984735906,-140136,4233
1688984735908,-140136,4233
1688984735910,-140136,4233
1688984735913,-140136,4233
1688984735915,-140136,4233
1688984735917,-140136,4233
1688984735920,-140136,4233
1688984735922,-140136,4233
1688984735924,-140136,4233
1688984735927,-140136,4233
1688984735929,-140136,4233
1688984735933,-140136,4233
1688984735937,-140136,4233
1688984735941,-140136,4233
1688984735943,-140136,4233
1688984735946,-140136,4233
1688984735948,-140136,4233
1688984735950,-140136,4233
1688984735952,-140136,4233
1688984735954,-140136,4233
1688984735957,-140136,4233
1688984735959,-140136,4233
1688984735962,-140136,4233
1688984735964,-140136,4233
1688984735966,-140136,4233
1688984735968,-140136,4233
1688984735971,-140136,4233
1688984735973,-140136,4233
1688984735976,-140136,4233
1688984735978,-140136,4233
1688984735980,-140136,4233
1688984735983,-140136,4233
1688984735985,-140136,4233
1688984735988,-140136,4233
1688984735990,-140136,4233
1688984735993,-140136,4233
1688984735996,-140136,4233
1688984735998,-140136,4233
1688984736000,-140136,4233
1688984736003,-140136,4233
1688984736005,-140136,4233
1688984736007,-140136,4233
1688984736011,-140136,4233
1688984736015,-140136,4233
1688984736018,-140136,4233
1688984736022,-140136,4233
1688984736025,-140136,4233
1688984736028,-140136,4233
1688984736031,-140136,4233
1688984736033,-140136,4233
1688984736036,-140136,4233
1688984736040,-140136,4233
1688984736044,-140136,4233
1688984736046,-140136,4233
1688984736049,-140136,4233
1688984736053,-140136,4233
1688984736057,-140136,4233
1688984736060,-140136,4233
1688984736063,-140136,4233
1688984736066,-140136,4233
1688984736068,-140136,4233
1688984736071,-140136,4233
1688984736074,-140136,4233
1688984736077,-140136,4233
1688984736080,-140136,4233
1688984736083,-140136,4233
1688984736086,-140136,4233
1688984736088,-140136,4233
1688984736093,-140136,4233
1688984736096,-140136,4233
1688984736100,-140136,4233
1688984736103,-140136,4233
1688984736106,-140136,4233
1688984736109,-140136,4233
1688984736112,-140136,4233
1688984736115,-140136,4233
1688984736117,-140136,4233
1688984736120,-140136,4233
1688984736123,-140136,4233
1688984736126,-140136,4233
1688984736129,-140136,4233
1688984736133,-140136,4233
1688984736137,-140136,4233
1688984736140,-140136,4233
1688984736144,-140136,4233
1688984736147,-140136,4233
1688984736150,-140136,4233
1688984736153,-140136,4233
1688984736156,-140136,4233
1688984736158,-140136,4233
1688984736163,-140136,4233
1688984736166,-140136,4233
1688984736169,-140136,4233
1688984736173,-140136,4233
1688984736177,-140136,4233
1688984736180,-140136,4233
1688984736183,-140136,4233
1688984736186,-140136,4233
1688984736188,-140136,4233
1688984736191,-140136,4233
1688984736193,-140136,4233
1688984736196,-140136,4233
1688984736199,-140136,4233
1688984736203,-140136,4233
1688984736206,-140136,4233
1688984736208,-140136,4233
1688984736211,-140136,4233
1688984736213,-140136,4233
1688984736216,-140136,4233
1688984736218,-140136,4233
1688984736221,-140136,4233
1688984736223,-140136,4233
1688984736225,-140136,4233
1688984736227,-140136,4233
1688984736230,-140136,4233
1688984736232,-140136,4233
1688984736235,-140136,4233
1688984736237,-140136,4233
1688984736240,-140136,4233
1688984736243,-140136,4233
1688984736245,-140136,4233
1688984736247,-140136,4233
1688984736250,-140136,4233
1688984736252,-140136,4233
1688984736255,-140136,4233
1688984736257,-140136,4233
1688984736260,-140136,4233
1688984736262,-140136,4233
1688984736264,-140136,4233
1688984736267,-140136,4233
1688984736269,-140136,4233
1688984736271,-140136,4233
1688984736273,-140136,4233
1688984736276,-140136,4233
1688984736278,-140136,4233
1688984736281,-140136,4233
1688984736283,-140136,4233
1688984736285,-140136,4233
1688984736287,-140136,4233
1688984736290,-140136,4233
1688984736293,-140136,4233
1688984736295,-140136,4233
1688984736297,-140136,4233
1688984736299,-140136,4233
1688984736301,-140136,4233
1688984736304,-140136,4233
1688984736309,-140136,4233
1688984736313,-140136,4233
1688984736315,-140136,4233
1688984736317,-140136,4233
1688984736320,-140136,4233
1688984736322,-140136,4233
1688984736324,-140136,4233
1688984736326,-140136,4233
1688984736328,-140136,4233
1688984736331,-140136,4233
1688984736333,-140136,4233
1688984736335,-140136,4233
1688984736338,-140136,4233
1688984736340,-140136,4233
1688984736342,-140136,4233
1688984736344,-140136,4233
1688984736347,-140136,4233
1688984736349,-140136,4233
1688984736351,-140136,4233
1688984736353,-140136,4233
1688984736355,-140136,4233
1688984736357,-140136,4233
1688984736360,-140136,4233
1688984736362,-140136,4233
1688984736364,-140136,4233
1688984736366,-140136,4233
1688984736368,-140136,4233
1688984736371,-140136,4233
1688984736373,-140136,4233
1688984736376,-140136,4233
1688984736378,-140136,4233
1688984736381,-140136,4233
1688984736383,-140136,4233
1688984736385,-140136,4233
1688984736388,-140136,4233
1688984736391,-140136,4233
1688984736393,-140136,4233
1688984736395,-140136,4233
1688984736397,-140136,4233
1688984736400,-140136,4233
1688984736403,-140136,4233
1688984736405,-140136,4233
1688984736408,-140136,4233
1688984736412,-140136,4233
1688984736414,-140136,4233
1688984736417,-140136,4233
1688984736420,-140136,4233
1688984736422,-140136,4233
1688984736424,-140136,4233
1688984736426,-140136,4233
1688984736429,-140136,4233
1688984736432,-140136,4233
1688984736435,-140136,4233
1688984736441,-140136,4233
1688984736446,-140136,4233
1688984736450,-140136,4233
1688984736455,-140136,4233
1688984736457,-140136,4233
1688984736462,-140136,4233
1688984736465,-140136,4233
1688984736467,-140136,4233
1688984736470,-140136,4233
1688984736473,-140136,4233
1688984736476,-140136,4233
1688984736479,-140136,4233
1688984736482,-140136,4233
1688984736485,-140136,4233
1688984736488,-140136,4233
1688984736492,-140136,4233
1688984736496,-140136,4233
1688984736498,-140136,4233
1688984736502,-140136,4233
1688984736505,-140136,4233
1688984736508,-140136,4233
1688984736511,-140136,4233
1688984736514,-140136,4233
1688984736516,-140136,4233
1688984736518,-140136,4233
1688984736522,-140136,4233
1688984736525,-140136,4233
1688984736528,-140136,4233
1688984736532,-140136,4233
1688984736536,-140136,4233
1688984736539,-140136,4233
1688984736543,-140136,4233
1688984736546,-140136,4233
1688984736549,-140136,4233
1688984736552,-140136,4233
1688984736555,-140136,4233
1688984736558,-140136,4233
1688984736562,-140136,4233
1688984736565,-140136,4233
1688984736568,-140136,4233
1688984736572,-140136,4233
1688984736575,-140136,4233
1688984736580,-140136,4233
1688984736585,-140136,4233
1688984736589,-140136,4233
1688984736593,-140136,4233
1688984736600,-140136,4233
1688984736603,-140136,4233
1688984736605,-140136,4233
1688984736607,-140136,4233
1688984736609,-140136,4233
1688984736611,-140136,4233
1688984736613,-140136,4233
1688984736614,-140136,4233
1688984736615,-140136,4233
1688984736616,-140136,4233
1688984736617,-140136,4233
1688984736618,-140136,4233
1688984736621,-140136,4233
1688984736622,-140136,4233
1688984736624,-140136,4233
1688984736626,-140136,4233
1688984736628,-140136,4233
1688984736630,-140136,4233
1688984736632,-140136,4233
1688984736634,-140136,4233
1688984736636,-140136,4233
1688984736638,-140136,4233
1688984736642,-140136,4233
1688984736644,-140136,4233
1688984736646,-140136,4233
1688984736647,-140136,4233
1688984736649,-140136,4233
1688984736651,-140136,4233
1688984736652,-140136,4233
1688984736654,-140136,4233
1688984736655,-140136,4233
1688984736657,-140136,4233
1688984736660,-140136,4233
1688984736661,-140136,4233
1688984736663,-140136,4233
1688984736664,-140136,4233
1688984736665,-140136,4233
1688984736666,-140136,4233
1688984736668,-140136,4233
1688984736669,-140136,4233
1688984736671,-140136,4233
1688984736673,-140136,4233
1688984736674,-140136,4233
1688984736675,-140136,4233
1688984736676,-140136,4233
1688984736677,-140136,4233
1688984736679,-140136,4233
1688984736681,-140136,4233
1688984736683,-140136,4233
1688984736685,-140136,4233
1688984736687,-140136,4233
1688984736689,-140136,4233
1688984736692,-140136,4233
1688984736693,-140136,4233
1688984736695,-140136,4233
1688984736697,-140136,4233
1688984736699,-140136,4233
1688984736701,-140136,4233
1688984736703,-140136,4233
1688984736705,-140136,4233
1688984736707,-140136,4233
1688984736708,-140136,4233
1688984736711,-140136,4233
1688984736712,-140136,4233
1688984736714,-140136,4233
1688984736716,-140136,4233
1688984736718,-140136,4233
1688984736720,-140136,4233
1688984736723,-140136,4233
1688984736726,-140136,4233
1688984736731,-140136,4233
1688984736735,-140136,4233
1688984736738,-140136,4233
1688984736742,-140136,4233
1688984736744,-140136,4233
1688984736746,-140136,4233
1688984736748,-140136,4233
1688984736751,-140136,4233
1688984736753,-140136,4233
1688984736755,-140136,4233
1688984736757,-140136,4233
1688984736760,-140136,4233
1688984736763,-140136,4233
1688984736765,-140136,4233
1688984736768,-140136,4233
1688984736771,-140136,4233
1688984736774,-140136,4233
1688984736776,-140136,4233
1688984736780,-140136,4233
1688984736784,-140136,4233
1688984736786,-140136,4233
1688984736791,-140136,4233
1688984736794,-140136,4233
1688984736797,-140136,4233
1688984736801,-140136,4233
1688984736804,-140136,4233
1688984736807,-140136,4233
1688984736811,-140136,4233
1688984736814,-140136,4233
1688984736817,-140136,4233
1688984736821,-140136,4233
1688984736824,-140136,4233
1688984736827,-140136,4233
1688984736831,-140136,4233
1688984736834,-140136,4233
1688984736836,-140136,4233
1688984736840,-140136,4233
1688984736844,-140136,4233
1688984736848,-140136,4233
1688984736852,-140136,4233
1688984736856,-140136,4233
1688984736858,-140136,4233
1688984736862,-140136,4233
1688984736865,-140136,4233
1688984736868,-140136,4233
1688984736871,-140136,4233
1688984736874,-140136,4233
1688984736877,-140136,4233
1688984736882,-140136,4233
1688984736885,-140136,4233
1688984736887,-140136,4233
1688984736891,-140136,4233
1688984736894,-140136,4233
1688984736896,-140136,4233
1688984736899,-140136,4233
1688984736902,-140136,4233
1688984736905,-140136,4233
1688984736908,-140136,4233
1688984736913,-140136,4233
1688984736916,-140136,4233
1688984736919,-140136,4233
1688984736922,-140136,4233
1688984736925,-140136,4233
1688984736928,-140136,4233
1688984736932,-140136,4233
1688984736934,-140136,4233
1688984736937,-140136,4233
1688984736941,-140136,4233
1688984736944,-140136,4233
1688984736947,-140136,4233
1688984736950,-140136,4233
1688984736953,-140136,4233
1688984736956,-140136,4233
1688984736959,-140136,4233
1688984736962,-140136,4233
1688984736965,-140136,4233
1688984736968,-140136,4233
1688984736972,-140136,4233
1688984736975,-140136,4233
1688984736978,-140136,4233
1688984736980,-140136,4233
1688984736983,-140136,4233
1688984736986,-140136,4233
1688984736989,-140136,4233
1688984736992,-140136,4233
1688984736995,-140136,4233
1688984736997,-140136,4233
1688984737001,-140136,4233
1688984737005,-140136,4233
1688984737008,-140136,4233
1688984737012,-140136,4233
1688984737015,-140136,4233
1688984737018,-140136,4233
1688984737020,-140136,4233
1688984737023,-140136,4233
1688984737026,-140136,4233
1688984737030,-140136,4233
1688984737033,-140136,4233
1688984737035,-140136,4233
1688984737038,-140136,4233
1688984737042,-140136,4233
1688984737045,-140136,4233
1688984737049,-140136,4233
1688984737052,-140136,4233
1688984737054,-140136,4233
1688984737058,-140136,4233
1688984737061,-140136,4233
1688984737065,-140136,4233
1688984737068,-140136,4233
1688984737071,-140136,4233
1688984737074,-140136,4233
1688984737076,-140136,4233
1688984737080,-140136,4233
1688984737083,-140136,4233
1688984737086,-140136,4233
1688984737089,-140136,4233
1688984737092,-140136,4233
1688984737095,-140136,4233
1688984737098,-140136,4233
1688984737102,-140136,4233
1688984737105,-140136,4233
1688984737107,-140136,4233
1688984737111,-140136,4233
1688984737114,-140136,4233
1688984737116,-140136,4233
1688984737120,-140136,4233
1688984737124,-140136,4233
1688984737127,-140136,4233
1688984737131,-140136,4233
1688984737134,-136718,4233
1688984737137,-136718,4233
1688984737140,-136718,4233
1688984737143,-136718,4233
1688984737145,-136718,4233
1688984737148,-136718,4233
1688984737152,-136718,4233
1688984737154,-136718,4233
1688984737157,-136718,4233
1688984737160,-136718,4233
1688984737163,-136718,4233
1688984737167,-136718,4233
1688984737171,-136718,4233
1688984737174,-136718,4233
1688984737177,-136718,4233
1688984737180,-136718,4233
1688984737183,-136718,4233
1688984737186,-136718,4233
1688984737190,-136718,4233
1688984737193,-136718,4233
1688984737195,-136718,4233
1688984737198,-136718,4233
1688984737202,-136718,4233
1688984737204,-136718,4233
1688984737208,-136718,4233
1688984737212,-136718,4233
1688984737215,-136718,4233
1688984737218,-136718,4233
1688984737222,-136718,4233
1688984737224,-136718,4233
1688984737227,-136718,4233
1688984737230,-136718,4233
1688984737233,-136718,4233
1688984737235,-136718,4233
1688984737238,-136718,4233
1688984737242,-136718,4233
1688984737245,-136718,4233
1688984737248,-136718,4233
1688984737252,-136718,4233
1688984737255,-136718,4233
1688984737258,-136718,4233
1688984737261,-136718,4233
1688984737264,-136718,4233
1688984737267,-136718,4233
1688984737271,-136718,4233
1688984737274,-136718,4233
1688984737277,-136718,4233
1688984737280,-136718,4233
1688984737283,-136718,4233
1688984737285,-136718,4233
1688984737289,-136718,4233
1688984737292,-136718,4233
1688984737294,-136718,4233
1688984737297,-136718,4233
1688984737300,-136718,4233
1688984737302,-136718,4233
1688984737305,-136718,4233
1688984737308,-136718,4233
1688984737311,-136718,4233
1688984737313,-136718,4233
1688984737315,-136718,4233
1688984737317,-136718,4233
1688984737320,-136718,4233
1688984737325,-136718,4233
1688984737328,-136718,4233
1688984737330,-136718,4233
1688984737333,-136718,4233
1688984737335,-136718,4233
1688984737337,-136718,4233
1688984737340,-136718,4233
1688984737342,-136718,4233
1688984737344,-136718,4233
1688984737347,-136718,4233
1688984737349,-136718,4233
1688984737351,-136718,4233
1688984737354,-136718,4233
1688984737356,-136718,4233
1688984737358,-136718,4233
1688984737361,-136718,4233
1688984737363,-136718,4233
1688984737366,-136718,4233
1688984737368,-136718,4233
1688984737371,-136718,4233
1688984737373,-136718,4233
1688984737376,-136718,4233
1688984737378,-136718,4233
1688984737380,-136718,4233
1688984737382,-136718,4233
1688984737384,-136718,4233
1688984737387,-136718,4233
1688984737389,-136718,4233
1688984737391,-136718,4233
1688984737393,-136718,4233
1688984737396,-136718,4233
1688984737398,-136718,4233
1688984737400,-136718,4233
1688984737403,-136718,4233
1688984737405,-136718,4233
1688984737407,-136718,4233
1688984737410,-136718,4233
1688984737412,-136718,4233
1688984737414,-136718,4233
1688984737416,-136718,4233
1688984737418,-136718,4233
1688984737421,-136718,4233
1688984737424,-136718,4233
1688984737426,-136718,4233
1688984737428,-136718,4233
1688984737430,-136718,4233
1688984737433,-136718,4233
1688984737435,-136718,4233
1688984737437,-136718,4233
1688984737440,-136718,4233
1688984737445,-136718,4233
1688984737449,-136718,4233
1688984737451,-136718,4233
1688984737453,-136718,4233
1688984737456,-136718,4233
1688984737457,-136718,4233
1688984737460,-136718,4233
1688984737463,-136718,4233
1688984737465,-136718,4233
1688984737467,-136718,4233
1688984737470,-136718,4233
1688984737472,-136718,4233
1688984737475,-136718,4233
1688984737477,-136718,4233
1688984737479,-136718,4233
1688984737481,-136718,4233
1688984737484,-136718,4233
1688984737486,-136718,4233
1688984737489,-136718,4233
1688984737491,-136718,4233
1688984737493,-136718,4233
1688984737495,-136718,4233
1688984737498,-136718,4233
1688984737500,-136718,4233
1688984737503,-136718,4233
1688984737505,-136718,4233
1688984737507,-136718,4233
1688984737510,-136718,4233
1688984737512,-136718,4233
1688984737515,-136718,4233
1688984737517,-136718,4233
1688984737520,-136718,4233
1688984737522,-136718,4233
1688984737525,-136718,4233
1688984737527,-136718,4233
1688984737530,-136718,4233
1688984737532,-136718,4233
1688984737534,-136718,4233
1688984737536,-136718,4233
1688984737539,-136718,4233
1688984737542,-136718,4233
1688984737545,-136718,4233
1688984737547,-136718,4233
1688984737549,-136718,4233
1688984737551,-136718,4233
1688984737554,-136718,4233
1688984737556,-136718,4233
1688984737560,-136718,4233
1688984737563,-136718,4233
1688984737566,-136718,4233
1688984737570,-136718,4233
1688984737573,-136718,4233
1688984737576,-136718,4233
1688984737579,-136718,4233
1688984737583,-136718,4233
1688984737586,-136718,4233
1688984737589,-136718,4233
1688984737592,-136718,4233
1688984737595,-136718,4233
1688984737598,-136718,4233
1688984737603,-136718,4233
1688984737606,-136718,4233
1688984737610,-136718,4233
1688984737612,-136718,4233
1688984737615,-136718,4233
1688984737618,-136718,4233
1688984737622,-136718,4233
1688984737625,-136718,4233
1688984737628,-136718,4233
1688984737632,-136718,4233
1688984737635,-136718,4233
1688984737637,-136718,4233
1688984737640,-136718,4233
1688984737645,-136718,4233
1688984737649,-136718,4233
1688984737652,-136718,4233
1688984737655,-136718,4233
1688984737658,-136718,4233
1688984737663,-136718,4233
1688984737666,-136718,4233
1688984737669,-136718,4233
1688984737672,-136718,4233
1688984737675,-136718,4233
1688984737677,-136718,4233
1688984737680,-136718,4233
1688984737683,-136718,4233
1688984737687,-136718,4233
1688984737690,-136718,4233
1688984737693,-136718,4233
1688984737696,-136718,4233
1688984737699,-136718,4233
1688984737702,-136718,4233
1688984737705,-136718,4233
1688984737708,-136718,4233
1688984737711,-136718,4233
1688984737714,-136718,4233
1688984737717,-136718,4233
1688984737721,-136718,4233
1688984737725,-136718,4233
1688984737728,-136718,4233
1688984737731,-136718,4233
1688984737734,-136718,4233
1688984737737,-136718,4233
1688984737740,-136718,4233
1688984737743,-136718,4233
1688984737746,-136718,4233
1688984737749,-136718,4233
1688984737751,-136718,4233
1688984737753,-136718,4233
1688984737756,-136718,4233
1688984737758,-136718,4233
1688984737760,-136718,4233
1688984737763,-136718,4233
1688984737765,-136718,4233
1688984737768,-136718,4233
1688984737771,-136718,4233
1688984737775,-136718,4233
1688984737778,-136718,4233
1688984737782,-136718,4233
1688984737785,-136718,4233
1688984737788,-136718,4233
1688984737791,-136718,4233
1688984737794,-136718,4233
1688984737797,-136718,4233
1688984737800,-136718,4233
1688984737804,-136718,4233
1688984737807,-136718,4233
1688984737810,-136718,4233
1688984737813,-136718,4233
1688984737816,-136718,4233
1688984737819,-136718,4233
1688984737822,-136718,4233
1688984737824,-136718,4233
1688984737827,-136718,4233
1688984737831,-136718,4233
1688984737834,-136718,4233
1688984737837,-136718,4233
1688984737841,-136718,4233
1688984737846,-136718,4233
1688984737849,-136718,4233
1688984737851,-136718,4233
1688984737854,-136718,4233
1688984737857,-136718,4233
1688984737860,-136718,4233
1688984737863,-136718,4233
1688984737866,-136718,4233
1688984737869,-136718,4233
1688984737873,-136718,4233
1688984737876,-136718,4233
1688984737880,-136718,4233
1688984737883,-136718,4233
1688984737887,-136718,4233
1688984737891,-136718,4233
1688984737893,-136718,4233
1688984737896,-136718,4233
1688984737900,-136718,4233
1688984737903,-136718,4233
1688984737906,-136718,4233
1688984737910,-136718,4233
1688984737913,-136718,4233
1688984737915,-136718,4233
1688984737918,-136718,4233
1688984737923,-136718,4233
1688984737926,-136718,4233
1688984737930,-136718,4233
1688984737933,-136718,4233
1688984737936,-136718,4233
1688984737943,-136718,4233
1688984737947,-136718,4233
1688984737950,-136718,4233
1688984737953,-136718,4233
1688984737955,-136718,4233
1688984737958,-136718,4233
1688984737963,-136718,4233
1688984737966,-136718,4233
1688984737970,-136718,4233
1688984737973,-136718,4233
1688984737976,-136718,4233
1688984737978,-136718,4233
1688984737982,-136718,4233
1688984737984,-136718,4233
1688984737987,-136718,4233
1688984737991,-136718,4233
1688984737994,-136718,4233
1688984737996,-136718,4233
1688984738000,-136718,4233
1688984738004,-136718,4233
1688984738007,-136718,4233
1688984738010,-136718,4233
1688984738014,-136718,4233
1688984738016,-136718,4233
1688984738019,-136718,4233
1688984738022,-136718,4233
1688984738024,-136718,4233
1688984738027,-136718,4233
1688984738030,-136718,4233
1688984738033,-136718,4233
1688984738036,-136718,4233
1688984738039,-136718,4233
1688984738044,-136718,4233
1688984738047,-136718,4233
1688984738051,-136718,4233
1688984738054,-136718,4233
1688984738057,-136718,4233
1688984738060,-136718,4233
1688984738063,-136718,4233
1688984738066,-136718,4233
1688984738069,-136718,4233
1688984738072,-136718,4233
1688984738075,-136718,4233
1688984738077,-136718,4233
1688984738081,-136718,4233
1688984738084,-136718,4233
1688984738087,-136718,4233
1688984738090,-136718,4233
1688984738093,-136718,4233
1688984738096,-136718,4233
1688984738099,-136718,4233
1688984738102,-136718,4233
1688984738105,-136718,4233
1688984738107,-136718,4233
1688984738110,-136718,4233
1688984738113,-136718,4233
1688984738116,-136718,4233
1688984738119,-136718,4233
1688984738124,-136718,4233
1688984738127,-136718,4233
1688984738130,-136718,4233
1688984738133,-136718,4233
1688984738136,-136718,4233
1688984738141,-136718,4233
1688984738144,-136718,4233
1688984738147,-136718,4233
1688984738150,-136718,4233
1688984738154,-136718,4233
1688984738156,-136718,4233
1688984738159,-136718,4233
1688984738163,-136718,4233
1688984738166,-136718,4233
1688984738170,-136718,4233
1688984738173,-136718,4233
1688984738176,-136718,4233
1688984738178,-136718,4233
1688984738182,-136718,4233
1688984738184,-136718,4233
1688984738187,-136718,4233
1688984738190,-136718,4233
1688984738193,-136718,4233
1688984738196,-136718,4233
1688984738200,-136718,4233
1688984738204,-136718,4233
1688984738218,-136718,4233
1688984738221,-136718,4233
1688984738223,-136718,4233
1688984738227,-136718,4233
1688984738230,-136718,4233
1688984738234,-136718,4233
1688984738239,-136718,4233
1688984738244,-136718,4233
1688984738249,-136718,4233
1688984738258,-136718,4233
1688984738262,-136718,4233
1688984738264,-136718,4233
1688984738266,-136718,4233
1688984738267,-136718,4233
1688984738275,-136718,4233
1688984738279,-136718,4233
1688984738283,-136718,4233
1688984738288,-136718,4233
1688984738294,-136718,4233
1688984738297,-136718,4233
1688984738298,-136718,4233
1688984738300,-136718,4233
1688984738302,-136718,4233
1688984738304,-136718,4233
1688984738306,-136718,4233
1688984738307,-136718,4233
1688984738310,-136718,4233
1688984738313,-136718,4233
1688984738315,-136718,4233
1688984738317,-136718,4233
1688984738320,-136718,4233
1688984738323,-136718,4233
1688984738324,-136718,4233
1688984738326,-136718,4233
1688984738328,-136718,4233
1688984738330,-136718,4233
1688984738331,-136718,4233
1688984738333,-136718,4233
1688984738335,-136718,4233
1688984738337,-136718,4233
1688984738339,-136718,4233
1688984738341,-136718,4233
1688984738343,-136718,4233
1688984738345,-136718,4233
1688984738347,-136718,4233
1688984738349,-136718,4233
1688984738351,-136718,4233
1688984738353,-136718,4233
1688984738355,-136718,4233
1688984738358,-136718,4233
1688984738360,-136718,4233
1688984738364,-136718,4233
1688984738366,-136718,4233
1688984738369,-136718,4233
1688984738372,-136718,4233
1688984738374,-136718,4233
1688984738377,-136718,4233
1688984738381,-136718,4233
1688984738384,-136718,4233
1688984738387,-136718,4233
1688984738390,-136718,4233
1688984738393,-136718,4233
1688984738396,-136718,4233
1688984738400,-136718,4233
1688984738404,-136718,4233
1688984738407,-136718,4233
1688984738411,-136718,4233
1688984738413,-136718,4233
1688984738416,-136718,4233
1688984738420,-136718,4233
1688984738423,-136718,4233
1688984738426,-136718,4233
1688984738429,-136718,4233
1688984738432,-136718,4233
1688984738435,-136718,4233
1688984738437,-136718,4233
1688984738441,-136718,4233
1688984738443,-136718,4233
1688984738445,-136718,4233
1688984738453,-136718,4233
1688984738455,-136718,4233
1688984738457,-136718,4233
1688984738460,-136718,4233
1688984738462,-136718,4233
1688984738464,-136718,4233
1688984738466,-136718,4233
1688984738468,-136718,4233
1688984738471,-136718,4233
1688984738473,-136718,4233
1688984738475,-136718,4233
1688984738478,-136718,4233
1688984738481,-136718,4233
1688984738483,-136718,4233
1688984738486,-136718,4233
1688984738489,-136718,4233
1688984738492,-136718,4233
1688984738494,-136718,4233
1688984738496,-136718,4233
1688984738498,-136718,4233
1688984738500,-136718,4233
1688984738503,-136718,4233
1688984738505,-136718,4233
1688984738507,-136718,4233
1688984738509,-136718,4233
1688984738512,-136718,4233
1688984738514,-136718,4233
1688984738516,-136718,4233
1688984738518,-136718,4233
1688984738521,-136718,4233
1688984738523,-136718,4233
1688984738525,-136718,4233
1688984738526,-136718,4233
1688984738528,-136718,4233
1688984738531,-136718,4233
1688984738533,-136718,4233
1688984738535,-136718,4233
1688984738538,-136718,4233
1688984738541,-136718,4233
1688984738543,-136718,4233
1688984738545,-136718,4233
1688984738547,-136718,4233
1688984738549,-136718,4233
1688984738552,-136718,4233
1688984738554,-136718,4233
1688984738556,-136718,4233
1688984738559,-136718,4233
1688984738561,-136718,4233
1688984738563,-136718,4233
1688984738565,-136718,4233
1688984738567,-136718,4233
1688984738569,-136718,4233
1688984738571,-136718,4233
1688984738573,-136718,4233
1688984738575,-136718,4233
1688984738577,-136718,4233
1688984738580,-136718,4233
1688984738583,-136718,4233
1688984738586,-136718,4233
1688984738590,-136718,4233
1688984738592,-136718,4233
1688984738595,-136718,4233
1688984738597,-136718,4233
1688984738602,-219726,4233
1688984738605,-219726,4233
1688984738608,-219726,4233
1688984738610,-219726,4233
1688984738612,-219726,4233
1688984738613,-219726,4233
1688984738615,-219726,4233
1688984738616,-219726,4233
1688984738617,-219726,4233
1688984738620,-219726,4233
1688984738622,-219726,4233
1688984738624,-219726,4233
1688984738625,-219726,4233
1688984738627,-219726,4233
1688984738628,-219726,4233
1688984738631,-219726,4233
1688984738632,-219726,4233
1688984738634,-219726,4233
1688984738635,-219726,4233
1688984738637,-219726,4233
1688984738640,-219726,4233
1688984738642,-219726,4233
1688984738645,-219726,4233
1688984738647,-219726,4233
1688984738651,-219726,4233
1688984738653,-219726,4233
1688984738656,-219726,4233
1688984738658,-219726,4233
1688984738661,-219726,4233
1688984738663,-219726,4233
1688984738666,-219726,4233
1688984738668,-219726,4233
1688984738671,-219726,4233
1688984738673,-219726,4233
1688984738676,-219726,4233
1688984738678,-219726,4233
1688984738682,-219726,4233
1688984738685,-219726,4233
1688984738688,-219726,4233
1688984738690,-219726,4233
1688984738693,-219726,4233
1688984738696,-219726,4233
1688984738699,-219726,4233
1688984738702,-219726,4233
1688984738705,-219726,4233
1688984738707,-219726,4233
1688984738711,-219726,4233
1688984738714,-219726,4233
1688984738716,-219726,4233
1688984738720,-219726,4233
1688984738723,-219726,4233
1688984738726,-219726,4233
1688984738728,-219726,4233
1688984738731,-219726,4233
1688984738734,-219726,4233
1688984738736,-219726,4233
1688984738740,-219726,4233
1688984738743,-219726,4233
1688984738746,-219726,4233
1688984738749,-219726,4233
1688984738752,-219726,4233
1688984738754,-219726,4233
1688984738758,-219726,4233
1688984738761,-219726,4233
1688984738764,-219726,4233
1688984738767,-219726,4233
1688984738770,-219726,4233
1688984738773,-219726,4233
1688984738775,-219726,4233
1688984738778,-219726,4233
1688984738781,-219726,4233
1688984738784,-219726,4233
1688984738786,-219726,4233
1688984738789,-219726,4233
1688984738792,-219726,4233
1688984738795,-219726,4233
1688984738798,-219726,4233
1688984738803,-219726,4233
1688984738805,-219726,4233
1688984738808,-219726,4233
1688984738811,-219726,4233
1688984738814,-219726,4233
1688984738817,-219726,4233
1688984738820,-219726,4233
1688984738823,-219726,4233
1688984738826,-219726,4233
1688984738830,-219726,4233
1688984738834,-219726,4233
1688984738838,-219726,4233
1688984738841,-219726,4233
1688984738844,-219726,4233
1688984738846,-219726,4233
1688984738848,-219726,4233
1688984738850,-219726,4233
1688984738852,-219726,4233
1688984738853,-219726,4233
1688984738855,-219726,4233
1688984738856,-219726,4233
1688984738858,-219726,4233
1688984738860,-219726,4233
1688984738862,-219726,4233
1688984738864,-219726,4233
1688984738865,-219726,4233
1688984738866,-219726,4233
1688984738868,-219726,4233
1688984738869,-219726,4233
1688984738871,-219726,4233
1688984738872,-219726,4233
1688984738874,-219726,4233
1688984738875,-219726,4233
1688984738877,-219726,4233
1688984738879,-219726,4233
1688984738881,-219726,4233
1688984738883,-219726,4233
1688984738885,-219726,4233
1688984738887,-219726,4233
1688984738889,-219726,4233
1688984738891,-219726,4233
1688984738893,-219726,4233
1688984738894,-219726,4233
1688984738896,-219726,4233
1688984738897,-219726,4233
1688984738899,-219726,4233
1688984738903,-219726,4233
1688984738906,-219726,4233
1688984738909,-219726,4233
1688984738913,-219726,4233
1688984738917,-219726,4233
1688984738923,-219726,4233
1688984738926,-219726,4233
1688984738929,-219726,4233
1688984738932,-219726,4233
1688984738935,-219726,4233
1688984738938,-219726,4233
1688984738941,-219726,4233
1688984738943,-219726,4233
1688984738946,-219726,4233
1688984738949,-219726,4233
1688984738953,-219726,4233
1688984738956,-219726,4233
1688984738960,-219726,4233
1688984738964,-219726,4233
1688984738966,-219726,4233
1688984738969,-219726,4233
1688984738972,-219726,4233
1688984738975,-219726,4233
1688984738977,-219726,4233
1688984738981,-219726,4233
1688984738984,-219726,4233
1688984738986,-219726,4233
1688984738989,-219726,4233
1688984738992,-219726,4233
1688984738996,-219726,4233
1688984738999,-219726,4233
1688984739003,-219726,4233
1688984739006,-219726,4233
1688984739008,-219726,4233
1688984739012,-219726,4233
1688984739015,-219726,4233
1688984739018,-219726,4233
1688984739021,-219726,4233
1688984739024,-219726,4233
1688984739027,-219726,4233
1688984739030,-219726,4233
1688984739032,-219726,4233
1688984739035,-219726,4233
1688984739041,-219726,4233
1688984739044,-219726,4233
1688984739047,-219726,4233
1688984739051,-219726,4233
1688984739054,-219726,4233
1688984739058,-219726,4233
1688984739061,-219726,4233
1688984739064,-219726,4233
1688984739067,-219726,4233
1688984739070,-219726,4233
1688984739074,-219726,4233
1688984739077,-219726,4233
1688984739081,-219726,4233
1688984739084,-219726,4233
1688984739087,-219726,4233
1688984739090,-219726,4233
1688984739093,-219726,4233
1688984739095,-219726,4233
1688984739098,-219726,4233
1688984739104,-219726,4233
1688984739107,-219726,4233
1688984739111,-219726,4233
1688984739114,-219726,4233
1688984739118,-219726,4233
1688984739121,-219726,4233
1688984739125,-219726,4233
1688984739127,-219726,4233
1688984739130,-219726,4233
1688984739133,-219726,4233
1688984739136,-219726,4233
1688984739139,-219726,4233
1688984739142,-219726,4233
1688984739145,-219726,4233
1688984739148,-219726,4233
1688984739150,-219726,4233
1688984739153,-219726,4233
1688984739157,-219726,4233
1688984739161,-219726,4233
1688984739164,-219726,4233
1688984739167,-219726,4233
1688984739170,-219726,4233
1688984739173,-219726,4233
1688984739176,-219726,4233
1688984739178,-219726,4233
1688984739183,-219726,4233
1688984739186,-219726,4233
1688984739188,-219726,4233
1688984739192,-219726,4233
1688984739196,-219726,4233
1688984739200,-219726,4233
1688984739203,-219726,4233
1688984739206,-219726,4233
1688984739209,-219726,4233
1688984739212,-219726,4233
1688984739214,-219726,4233
1688984739217,-219726,4233
1688984739221,-219726,4233
1688984739224,-219726,4233
1688984739227,-219726,4233
1688984739230,-219726,4233
1688984739234,-219726,4233
1688984739237,-219726,4233
1688984739241,-219726,4233
1688984739244,-219726,4233
1688984739246,-219726,4233
1688984739250,-219726,4233
1688984739253,-219726,4233
1688984739256,-219726,4233
1688984739258,-219726,4233
1688984739261,-219726,4233
1688984739265,-219726,4233
1688984739267,-219726,4233
1688984739270,-219726,4233
1688984739273,-219726,4233
1688984739277,-219726,4233
1688984739281,-219726,4233
1688984739288,-219726,4233
1688984739292,-219726,4233
1688984739295,-219726,4233
1688984739298,-219726,4233
1688984739301,-219726,4233
1688984739304,-219726,4233
1688984739306,-219726,4233
1688984739310,-219726,4233
1688984739313,-219726,4233
1688984739317,-219726,4233
1688984739320,-219726,4233
1688984739323,-219726,4233
1688984739327,-219726,4233
1688984739332,-219726,4233
1688984739337,-219726,4233
1688984739341,-219726,4233
1688984739344,-219726,4233
1688984739347,-219726,4233
1688984739350,-219726,4233
1688984739353,-219726,4233
1688984739356,-219726,4233
1688984739359,-219726,4233
1688984739362,-219726,4233
1688984739364,-219726,4233
1688984739367,-219726,4233
1688984739371,-219726,4233
1688984739374,-219726,4233
1688984739377,-219726,4233
1688984739380,-219726,4233
1688984739383,-219726,4233
1688984739385,-219726,4233
1688984739388,-219726,4233
1688984739391,-219726,4233
1688984739394,-219726,4233
1688984739397,-219726,4233
1688984739401,-219726,4233
1688984739403,-219726,4233
1688984739406,-219726,4233
1688984739409,-219726,4233
1688984739412,-219726,4233
1688984739415,-219726,4233
1688984739417,-219726,4233
1688984739419,-219726,4233
1688984739422,-219726,4233
1688984739425,-219726,4233
1688984739428,-219726,4233
1688984739432,-219726,4233
1688984739436,-219726,4233
1688984739439,-219726,4233
1688984739442,-219726,4233
1688984739445,-219726,4233
1688984739447,-219726,4233
1688984739458,-219726,4233
1688984739464,-219726,4233
1688984739467,-219726,4233
1688984739471,-219726,4233
1688984739475,-219726,4233
1688984739478,-219726,4233
1688984739481,-219726,4233
1688984739485,-219726,4233
1688984739488,-219726,4233
1688984739491,-219726,4233
1688984739494,-219726,4233
1688984739497,-219726,4233
1688984739500,-219726,4233
1688984739503,-219726,4233
1688984739508,-219726,4233
1688984739513,-219726,4233
1688984739517,-219726,4233
1688984739523,-219726,4233
1688984739527,-219726,4233
1688984739530,-219726,4233
1688984739533,-219726,4233
1688984739536,-219726,4233
1688984739538,-219726,4233
1688984739542,-219726,4233
1688984739545,-219726,4233
1688984739547,-219726,4233
1688984739551,-219726,4233
1688984739555,-219726,4233
1688984739558,-219726,4233
1688984739560,-219726,4233
1688984739563,-219726,4233
1688984739565,-219726,4233
1688984739567,-219726,4233
1688984739570,-219726,4233
1688984739572,-219726,4233
1688984739575,-219726,4233
1688984739577,-219726,4233
1688984739580,-219726,4233
1688984739583,-219726,4233
1688984739585,-219726,4233
1688984739587,-219726,4233
1688984739589,-219726,4233
1688984739592,-219726,4233
1688984739594,-219726,4233
1688984739596,-219726,4233
1688984739599,-219726,4233
1688984739601,-219726,4233
1688984739603,-219726,4233
1688984739605,-219726,4233
1688984739607,-219726,4233
1688984739610,-219726,4233
1688984739612,-219726,4233
1688984739614,-219726,4233
1688984739616,-219726,4233
1688984739618,-219726,4233
1688984739621,-219726,4233
1688984739623,-219726,4233
1688984739625,-219726,4233
1688984739628,-219726,4233
1688984739631,-219726,4233
1688984739633,-219726,4233
1688984739635,-219726,4233
1688984739637,-219726,4233
1688984739640,-219726,4233
1688984739642,-219726,4233
1688984739644,-219726,4233
1688984739646,-219726,4233
1688984739648,-219726,4233
1688984739650,-219726,4233
1688984739652,-219726,4233
1688984739654,-219726,4233
1688984739656,-219726,4233
1688984739658,-219726,4233
1688984739660,-219726,4233
1688984739662,-219726,4233
1688984739664,-219726,4233
1688984739667,-219726,4233
1688984739668,-219726,4233
1688984739671,-219726,4233
1688984739674,-219726,4233
1688984739676,-219726,4233
1688984739677,-219726,4233
1688984739680,-219726,4233
1688984739682,-219726,4233
1688984739684,-219726,4233
1688984739686,-219726,4233
1688984739689,-219726,4233
1688984739691,-219726,4233
1688984739693,-219726,4233
1688984739695,-219726,4233
1688984739697,-219726,4233
1688984739700,-219726,4233
1688984739702,-219726,4233
1688984739704,-219726,4233
1688984739706,-219726,4233
1688984739708,-219726,4233
1688984739711,-219726,4233
1688984739713,-219726,4233
1688984739715,-219726,4233
1688984739717,-219726,4233
1688984739720,-219726,4233
1688984739723,-219726,4233
1688984739725,-219726,4233
1688984739727,-219726,4233
1688984739729,-219726,4233
1688984739732,-219726,4233
1688984739734,-219726,4233
1688984739736,-219726,4233
1688984739738,-219726,4233
1688984739740,-219726,4233
1688984739743,-219726,4233
1688984739745,-219726,4233
1688984739747,-219726,4233
1688984739749,-219726,4233
1688984739752,-219726,4233
1688984739754,-219726,4233
1688984739756,-219726,4233
1688984739758,-219726,4233
1688984739760,-219726,4233
1688984739762,-219726,4233
1688984739765,-219726,4233
1688984739768,-219726,4233
1688984739770,-219726,4233
1688984739772,-219726,4233
1688984739775,-219726,4233
1688984739777,-219726,4233
1688984739779,-219726,4233
1688984739782,-219726,4233
1688984739784,-219726,4233
1688984739786,-219726,4233
1688984739789,-219726,4233
1688984739792,-219726,4233
1688984739794,-219726,4233
1688984739796,-219726,4233
1688984739798,-219726,4233
1688984739801,-219726,4233
1688984739803,-219726,4233
1688984739805,-219726,4233
1688984739807,-219726,4233
1688984739810,-219726,4233
1688984739813,-219726,4233
1688984739816,-219726,4233
1688984739819,-219726,4233
1688984739823,-219726,4233
1688984739826,-219726,4233
1688984739828,-219726,4233
1688984739834,-219726,4233
1688984739837,-219726,4233
1688984739841,-219726,4233
1688984739845,-219726,4233
1688984739848,-219726,4233
1688984739851,-219726,4233
1688984739854,-219726,4233
1688984739857,-219726,4233
1688984739860,-219726,4233
1688984739862,-219726,4233
1688984739865,-219726,4233
1688984739867,-219726,4233
1688984739871,-219726,4233
1688984739875,-219726,4233
1688984739877,-219726,4233
1688984739881,-219726,4233
1688984739884,-219726,4233
1688984739887,-219726,4233
1688984739890,-219726,4233
1688984739893,-219726,4233
1688984739896,-219726,4233
1688984739899,-219726,4233
1688984739902,-219726,4233
1688984739905,-219726,4233
1688984739907,-219726,4233
1688984739913,-219726,4233
1688984739917,-219726,4233
1688984739920,-219726,4233
1688984739923,-219726,4233
1688984739925,-219726,4233
1688984739928,-219726,4233
1688984739932,-219726,4233
1688984739936,-219726,4233
1688984739938,-219726,4233
1688984739942,-219726,4233
1688984739945,-219726,4233
1688984739948,-219726,4233
1688984739952,-219726,4233
1688984739955,-219726,4233
1688984739958,-219726,4233
1688984739961,-219726,4233
1688984739964,-219726,4233
1688984739967,-219726,4233
1688984739970,-219726,4233
1688984739973,-219726,4233
1688984739976,-219726,4233
1688984739979,-219726,4233
1688984739982,-219726,4233
1688984739985,-219726,4233
1688984739987,-219726,4233
1688984739991,-219726,4233
1688984739995,-219726,4233
1688984739998,-219726,4233
1688984740002,-219726,4233
1688984740005,-219726,4233
1688984740008,-219726,4233
1688984740011,-219726,4233
1688984740014,-219726,4233
1688984740017,-219726,4233
1688984740020,-219726,4233
1688984740023,-219726,4233
1688984740026,-219726,4233
1688984740029,-219726,4233
1688984740033,-219726,4233
1688984740037,-219726,4233
1688984740040,-219726,4233
1688984740043,-219726,4233
1688984740046,-219726,4233
1688984740049,-219726,4233
1688984740052,-219726,4233
1688984740055,-219726,4233
1688984740057,-219726,4233
1688984740061,-219726,4233
1688984740064,-219726,4233
1688984740067,-219726,4233
1688984740071,-135742,4233
1688984740075,-135742,4233
1688984740078,-135742,4233
1688984740081,-135742,4233
1688984740084,-135742,4233
1688984740087,-135742,4233
1688984740091,-135742,4233
1688984740094,-135742,4233
1688984740097,-135742,4233
1688984740101,-135742,4233
1688984740104,-135742,4233
1688984740107,-135742,4233
1688984740110,-135742,4233
1688984740114,-135742,4233
1688984740116,-135742,4233
1688984740119,-135742,4233
1688984740122,-135742,4233
1688984740124,-135742,4233
1688984740127,-135742,4233
1688984740131,-135742,4233
1688984740133,-135742,4233
1688984740136,-135742,4233
1688984740139,-135742,4233
1688984740142,-135742,4233
1688984740145,-135742,4233
1688984740147,-135742,4233
1688984740152,-135742,4233
1688984740155,-135742,4233
1688984740158,-135742,4233
1688984740161,-135742,4233
1688984740164,-135742,4233
1688984740167,-135742,4233
1688984740170,-135742,4233
1688984740174,-135742,4233
1688984740177,-135742,4233
1688984740182,-135742,4233
1688984740185,-135742,4233
1688984740188,-135742,4233
1688984740192,-135742,4233
1688984740195,-135742,4233
1688984740197,-135742,4233
1688984740200,-135742,4233
1688984740203,-135742,4233
1688984740205,-135742,4233
1688984740208,-135742,4233
1688984740211,-135742,4233
1688984740214,-135742,4233
1688984740217,-135742,4233
1688984740220,-135742,4233
1688984740223,-135742,4233
1688984740225,-135742,4233
1688984740228,-135742,4233
1688984740232,-135742,4233
1688984740235,-135742,4233
1688984740237,-135742,4233
1688984740240,-135742,4233
1688984740243,-135742,4233
1688984740245,-135742,4233
1688984740248,-135742,4233
1688984740251,-135742,4233
1688984740254,-135742,4233
1688984740256,-135742,4233
1688984740259,-135742,4233
1688984740262,-135742,4233
1688984740264,-135742,4233
1688984740266,-135742,4233
1688984740270,-135742,4233
1688984740273,-135742,4233
1688984740276,-135742,4233
1688984740279,-135742,4233
1688984740282,-135742,4233
1688984740285,-135742,4233
1688984740288,-135742,4233
1688984740292,-135742,4233
1688984740295,-135742,4233
1688984740297,-135742,4233
1688984740310,-135742,4233
1688984740315,-135742,4233
1688984740320,-135742,4233
1688984740323,-135742,4233
1688984740326,-135742,4233
1688984740331,-135742,4233
1688984740334,-135742,4233
1688984740336,-135742,4233
1688984740339,-135742,4233
1688984740342,-135742,4233
1688984740344,-135742,4233
1688984740348,-135742,4233
1688984740351,-135742,4233
1688984740354,-135742,4233
1688984740357,-135742,4233
1688984740359,-135742,4233
1688984740362,-135742,4233
1688984740364,-135742,4233
1688984740367,-135742,4233
1688984740370,-135742,4233
1688984740373,-135742,4233
1688984740376,-135742,4233
1688984740378,-135742,4233
1688984740381,-135742,4233
1688984740384,-135742,4233
1688984740386,-135742,4233
1688984740390,-135742,4233
1688984740394,-135742,4233
1688984740397,-135742,4233
1688984740400,-135742,4233
1688984740403,-135742,4233
1688984740406,-135742,4233
1688984740408,-135742,4233
1688984740411,-135742,4233
1688984740413,-135742,4233
1688984740416,-135742,4233
1688984740418,-135742,4233
1688984740423,-135742,4233
1688984740426,-135742,4233
1688984740430,-135742,4233
1688984740434,-135742,4233
1688984740436,-135742,4233
1688984740439,-135742,4233
1688984740442,-135742,4233
1688984740445,-135742,4233
1688984740448,-135742,4233
1688984740451,-135742,4233
1688984740454,-135742,4233
1688984740462,-135742,4233
1688984740467,-135742,4233
1688984740472,-135742,4233
1688984740475,-135742,4233
1688984740478,-135742,4233
1688984740481,-135742,4233
1688984740484,-135742,4233
1688984740487,-135742,4233
1688984740490,-135742,4233
1688984740492,-135742,4233
1688984740494,-135742,4233
1688984740496,-135742,4233
1688984740498,-135742,4233
1688984740500,-135742,4233
1688984740502,-135742,4233
1688984740504,-135742,4233
1688984740506,-135742,4233
1688984740508,-135742,4233
1688984740511,-135742,4233
1688984740514,-135742,4233
1688984740517,-135742,4233
1688984740521,-135742,4233
1688984740524,-135742,4233
1688984740527,-135742,4233
1688984740530,-135742,4233
1688984740533,-135742,4233
1688984740536,-135742,4233
1688984740539,-135742,4233
1688984740542,-135742,4233
1688984740545,-135742,4233
1688984740548,-135742,4233
1688984740552,-135742,4233
1688984740555,-135742,4233
1688984740558,-135742,4233
1688984740561,-135742,4233
1688984740564,-135742,4233
1688984740567,-135742,4233
1688984740570,-135742,4233
1688984740574,-135742,4233
1688984740576,-135742,4233
1688984740579,-135742,4233
1688984740582,-135742,4233
1688984740585,-135742,4233
1688984740589,-135742,4233
1688984740592,-135742,4233
1688984740595,-135742,4233
1688984740598,-135742,4233
1688984740600,-135742,4233
1688984740604,-135742,4233
1688984740606,-135742,4233
1688984740609,-135742,4233
1688984740612,-135742,4233
1688984740615,-135742,4233
1688984740617,-135742,4233
1688984740621,-135742,4233
1688984740624,-135742,4233
1688984740627,-135742,4233
1688984740631,-135742,4233
1688984740634,-135742,4233
1688984740637,-135742,4233
1688984740640,-135742,4233
1688984740643,-135742,4233
1688984740646,-135742,4233
1688984740649,-135742,4233
1688984740652,-135742,4233
1688984740655,-135742,4233
1688984740658,-135742,4233
1688984740661,-135742,4233
1688984740665,-135742,4233
1688984740669,-135742,4233
1688984740672,-135742,4233
1688984740675,-135742,4233
1688984740677,-135742,4233
1688984740680,-135742,4233
1688984740683,-135742,4233
1688984740686,-135742,4233
1688984740688,-135742,4233
1688984740690,-135742,4233
1688984740692,-135742,4233
1688984740695,-135742,4233
1688984740697,-135742,4233
1688984740699,-135742,4233
1688984740703,-135742,4233
1688984740706,-135742,4233
1688984740708,-135742,4233
1688984740710,-135742,4233
1688984740713,-135742,4233
1688984740715,-135742,4233
1688984740717,-135742,4233
1688984740719,-135742,4233
1688984740722,-135742,4233
1688984740724,-135742,4233
1688984740726,-135742,4233
1688984740728,-135742,4233
1688984740730,-135742,4233
1688984740732,-135742,4233
1688984740734,-135742,4233
1688984740736,-135742,4233
1688984740739,-135742,4233
1688984740742,-135742,4233
1688984740744,-135742,4233
1688984740746,-135742,4233
1688984740748,-135742,4233
1688984740751,-135742,4233
1688984740753,-135742,4233
1688984740755,-135742,4233
1688984740757,-135742,4233
1688984740759,-135742,4233
1688984740761,-135742,4233
1688984740763,-135742,4233
1688984740765,-135742,4233
1688984740767,-135742,4233
1688984740770,-135742,4233
1688984740772,-135742,4233
1688984740774,-135742,4233
1688984740776,-135742,4233
1688984740778,-135742,4233
1688984740780,-135742,4233
1688984740782,-135742,4233
1688984740785,-135742,4233
1688984740787,-135742,4233
1688984740789,-135742,4233
1688984740792,-135742,4233
1688984740794,-135742,4233
1688984740796,-135742,4233
1688984740799,-135742,4233
1688984740801,-135742,4233
1688984740803,-135742,4233
1688984740805,-135742,4233
1688984740807,-135742,4233
1688984740810,-135742,4233
1688984740812,-135742,4233
1688984740814,-135742,4233
1688984740816,-135742,4233
1688984740818,-135742,4233
1688984740821,-135742,4233
1688984740824,-135742,4233
1688984740826,-135742,4233
1688984740828,-135742,4233
1688984740830,-135742,4233
1688984740832,-135742,4233
1688984740834,-135742,4233
1688984740837,-135742,4233
1688984740839,-135742,4233
1688984740842,-135742,4233
1688984740844,-135742,4233
1688984740846,-135742,4233
1688984740848,-135742,4233
1688984740850,-135742,4233
1688984740852,-135742,4233
1688984740854,-135742,4233
1688984740857,-135742,4233
1688984740859,-135742,4233
1688984740862,-135742,4233
1688984740864,-135742,4233
1688984740867,-135742,4233
1688984740869,-135742,4233
1688984740871,-135742,4233
1688984740873,-135742,4233
1688984740875,-135742,4233
1688984740877,-135742,4233
1688984740880,-135742,4233
1688984740882,-135742,4233
1688984740884,-135742,4233
1688984740886,-135742,4233
1688984740888,-135742,4233
1688984740890,-135742,4233
1688984740892,-135742,4233
1688984740894,-135742,4233
1688984740896,-135742,4233
1688984740898,-135742,4233
1688984740901,-135742,4233
1688984740904,-135742,4233
1688984740906,-135742,4233
1688984740908,-135742,4233
1688984740911,-135742,4233
1688984740914,-135742,4233
1688984740916,-135742,4233
1688984740918,-135742,4233
1688984740921,-135742,4233
1688984740923,-135742,4233
1688984740925,-135742,4233
1688984740927,-135742,4233
1688984740930,-135742,4233
1688984740932,-135742,4233
1688984740935,-135742,4233
1688984740938,-135742,4233
1688984740941,-135742,4233
1688984740945,-135742,4233
1688984740948,-135742,4233
1688984740951,-135742,4233
1688984740954,-135742,4233
1688984740957,-135742,4233
1688984740960,-135742,4233
1688984740964,-135742,4233
1688984740966,-135742,4233
1688984740969,-135742,4233
1688984740972,-135742,4233
1688984740975,-135742,4233
1688984740977,-135742,4233
1688984740980,-135742,4233
1688984740984,-135742,4233
1688984740987,-135742,4233
1688984740991,-135742,4233
1688984740994,-135742,4233
1688984740997,-135742,4233
1688984740999,-135742,4233
1688984741003,-135742,4233
1688984741005,-135742,4233
1688984741008,-135742,4233
1688984741011,-135742,4233
1688984741014,-135742,4233
1688984741016,-135742,4233
1688984741019,-135742,4233
1688984741022,-135742,4233
1688984741026,-135742,4233
1688984741029,-135742,4233
1688984741032,-135742,4233
1688984741035,-135742,4233
1688984741038,-135742,4233
1688984741042,-135742,4233
1688984741045,-135742,4233
1688984741047,-135742,4233
1688984741050,-135742,4233
1688984741053,-135742,4233
1688984741056,-135742,4233
1688984741058,-135742,4233
1688984741063,-135742,4233
1688984741066,-135742,4233
1688984741069,-135742,4233
1688984741072,-135742,4233
1688984741075,-135742,4233
1688984741077,-135742,4233
1688984741081,-135742,4233
1688984741084,-135742,4233
1688984741086,-135742,4233
1688984741089,-135742,4233
1688984741092,-135742,4233
1688984741095,-135742,4233
1688984741097,-135742,4233
1688984741100,-135742,4233
1688984741105,-135742,4233
1688984741108,-135742,4233
1688984741111,-135742,4233
1688984741114,-135742,4233
1688984741117,-135742,4233
1688984741120,-135742,4233
1688984741123,-135742,4233
1688984741125,-135742,4233
1688984741128,-135742,4233
1688984741131,-135742,4233
1688984741134,-135742,4233
1688984741137,-135742,4233
1688984741140,-135742,4233
1688984741144,-135742,4233
1688984741147,-135742,4233
1688984741150,-135742,4233
1688984741153,-135742,4233
1688984741155,-135742,4233
1688984741158,-135742,4233
1688984741160,-135742,4233
1688984741163,-135742,4233
1688984741166,-135742,4233
1688984741169,-135742,4233
1688984741172,-135742,4233
1688984741175,-135742,4233
1688984741177,-135742,4233
1688984741180,-135742,4233
1688984741184,-135742,4233
1688984741187,-135742,4233
1688984741190,-135742,4233
1688984741193,-135742,4233
1688984741196,-135742,4233
1688984741198,-135742,4233
1688984741202,-135742,4233
1688984741205,-135742,4233
1688984741208,-135742,4233
1688984741211,-135742,4233
1688984741214,-135742,4233
1688984741216,-135742,4233
1688984741219,-135742,4233
1688984741223,-135742,4233
1688984741226,-135742,4233
1688984741229,-135742,4233
1688984741232,-135742,4233
1688984741235,-135742,4233
1688984741237,-135742,4233
1688984741240,-135742,4233
1688984741243,-135742,4233
1688984741246,-135742,4233
1688984741249,-135742,4233
1688984741253,-135742,4233
1688984741255,-135742,4233
1688984741258,-135742,4233
1688984741261,-135742,4233
1688984741265,-135742,4233
1688984741268,-135742,4233
1688984741271,-135742,4233
1688984741274,-135742,4233
1688984741277,-135742,4233
1688984741280,-135742,4233
1688984741283,-135742,4233
1688984741286,-135742,4233
1688984741288,-135742,4233
1688984741292,-135742,4233
1688984741295,-135742,4233
1688984741298,-135742,4233
1688984741303,-135742,4233
1688984741308,-135742,4233
1688984741311,-135742,4233
1688984741314,-135742,4233
1688984741316,-135742,4233
1688984741319,-135742,4233
1688984741323,-135742,4233
1688984741333,-135742,4233
1688984741337,-135742,4233
1688984741341,-135742,4233
1688984741344,-135742,4233
1688984741348,-135742,4233
1688984741351,-135742,4233
1688984741354,-135742,4233
1688984741355,-135742,4233
1688984741357,-135742,4233
1688984741360,-135742,4233
1688984741365,-135742,4233
1688984741375,-135742,4233
1688984741379,-135742,4233
1688984741381,-135742,4233
1688984741383,-135742,4233
1688984741385,-135742,4233
1688984741386,-135742,4233
1688984741388,-135742,4233
1688984741389,-135742,4233
1688984741391,-135742,4233
1688984741393,-135742,4233
1688984741395,-135742,4233
1688984741396,-135742,4233
1688984741397,-135742,4233
1688984741399,-135742,4233
1688984741401,-135742,4233
1688984741403,-135742,4233
1688984741405,-135742,4233
1688984741406,-135742,4233
1688984741408,-135742,4233
1688984741410,-135742,4233
1688984741412,-135742,4233
1688984741414,-135742,4233
1688984741415,-135742,4233
1688984741417,-135742,4233
1688984741418,-135742,4233
1688984741420,-135742,4233
1688984741422,-135742,4233
1688984741424,-135742,4233
1688984741426,-135742,4233
1688984741428,-135742,4233
1688984741429,-135742,4233
1688984741431,-135742,4233
1688984741432,-135742,4233
1688984741434,-135742,4233
1688984741436,-135742,4233
1688984741438,-135742,4233
1688984741441,-135742,4233
1688984741447,-135742,4233
1688984741452,-135742,4233
1688984741454,-135742,4233
1688984741461,-135742,4233
1688984741465,-135742,4233
1688984741468,-135742,4233
1688984741470,-135742,4233
1688984741472,-135742,4233
1688984741474,-135742,4233
1688984741476,-135742,4233
1688984741478,-135742,4233
1688984741480,-135742,4233
1688984741481,-135742,4233
1688984741483,-135742,4233
1688984741485,-135742,4233
1688984741486,-135742,4233
1688984741488,-135742,4233
1688984741489,-135742,4233
1688984741491,-135742,4233
1688984741493,-135742,4233
1688984741494,-135742,4233
1688984741496,-135742,4233
1688984741498,-135742,4233
1688984741500,-135742,4233
1688984741502,-135742,4233
1688984741504,-135742,4233
1688984741506,-135742,4233
1688984741508,-135742,4233
1688984741509,-135742,4233
1688984741511,-135742,4233
1688984741513,-135742,4233
1688984741515,-135742,4233
1688984741516,-135742,4233
1688984741518,-135742,4233
1688984741520,-135742,4233
1688984741522,-135742,4233
1688984741523,-135742,4233
1688984741525,-135742,4233
1688984741526,-135742,4233
1688984741528,-135742,4233
1688984741530,-135742,4233
1688984741531,-135742,4233
1688984741533,-135742,4233
1688984741534,-135742,4233
1688984741536,-135742,4233
1688984741538,-135742,4233
1688984741540,-179199,4233
1688984741542,-179199,4233
1688984741544,-179199,4233
1688984741546,-179199,4233
1688984741547,-179199,4233
1688984741550,-179199,4233
1688984741552,-179199,4233
1688984741553,-179199,4233
1688984741555,-179199,4233
1688984741556,-179199,4233
1688984741558,-179199,4233
1688984741562,-179199,4233
1688984741566,-179199,4233
1688984741569,-179199,4233
1688984741572,-179199,4233
1688984741575,-179199,4233
1688984741577,-179199,4233
1688984741581,-179199,4233
1688984741584,-179199,4233
1688984741587,-179199,4233
1688984741590,-179199,4233
1688984741593,-179199,4233
1688984741596,-179199,4233
1688984741599,-179199,4233
1688984741603,-179199,4233
1688984741606,-179199,4233
1688984741610,-179199,4233
1688984741613,-179199,4233
1688984741616,-179199,4233
1688984741621,-179199,4233
1688984741625,-179199,4233
1688984741627,-179199,4233
1688984741630,-179199,4233
1688984741633,-179199,4233
1688984741636,-179199,4233
1688984741638,-179199,4233
1688984741641,-179199,4233
1688984741643,-179199,4233
1688984741645,-179199,4233
1688984741648,-179199,4233
1688984741651,-179199,4233
1688984741654,-179199,4233
1688984741657,-179199,4233
1688984741660,-179199,4233
1688984741665,-179199,4233
1688984741668,-179199,4233
1688984741671,-179199,4233
1688984741674,-179199,4233
1688984741677,-179199,4233
1688984741680,-179199,4233
1688984741683,-179199,4233
1688984741686,-179199,4233
1688984741689,-179199,4233
1688984741692,-179199,4233
1688984741695,-179199,4233
1688984741697,-179199,4233
1688984741700,-179199,4233
1688984741704,-179199,4233
1688984741707,-179199,4233
1688984741711,-179199,4233
1688984741714,-179199,4233
1688984741717,-179199,4233
1688984741721,-179199,4233
1688984741724,-179199,4233
1688984741727,-179199,4233
1688984741731,-179199,4233
1688984741736,-179199,4233
1688984741741,-179199,4233
1688984741745,-179199,4233
1688984741749,-179199,4233
1688984741752,-179199,4233
1688984741756,-179199,4233
1688984741760,-179199,4233
1688984741763,-179199,4233
1688984741766,-179199,4233
1688984741771,-179199,4233
1688984741776,-179199,4233
1688984741781,-179199,4233
1688984741783,-179199,4233
1688984741786,-179199,4233
1688984741788,-179199,4233
1688984741790,-179199,4233
1688984741792,-179199,4233
1688984741795,-179199,4233
1688984741797,-179199,4233
1688984741799,-179199,4233
1688984741801,-179199,4233
1688984741804,-179199,4233
1688984741806,-179199,4233
1688984741808,-179199,4233
1688984741810,-179199,4233
1688984741812,-179199,4233
1688984741813,-179199,4233
1688984741815,-179199,4233
1688984741816,-179199,4233
1688984741818,-179199,4233
1688984741821,-179199,4233
1688984741824,-179199,4233
1688984741827,-179199,4233
1688984741831,-179199,4233
1688984741835,-179199,4233
1688984741838,-179199,4233
1688984741841,-179199,4233
1688984741844,-179199,4233
1688984741847,-179199,4233
1688984741850,-179199,4233
1688984741853,-179199,4233
1688984741856,-179199,4233
1688984741860,-179199,4233
1688984741863,-179199,4233
1688984741866,-179199,4233
1688984741869,-179199,4233
1688984741872,-179199,4233
1688984741875,-179199,4233
1688984741877,-179199,4233
1688984741880,-179199,4233
1688984741883,-179199,4233
1688984741885,-179199,4233
1688984741888,-179199,4233
1688984741891,-179199,4233
1688984741894,-179199,4233
1688984741897,-179199,4233
1688984741900,-179199,4233
1688984741903,-179199,4233
1688984741906,-179199,4233
1688984741908,-179199,4233
1688984741911,-179199,4233
1688984741914,-179199,4233
1688984741916,-179199,4233
1688984741918,-179199,4233
1688984741920,-179199,4233
1688984741922,-179199,4233
1688984741925,-179199,4233
1688984741927,-179199,4233
1688984741929,-179199,4233
1688984741932,-179199,4233
1688984741934,-179199,4233
1688984741937,-179199,4233
1688984741940,-179199,4233
1688984741942,-179199,4233
1688984741943,-179199,4233
1688984741945,-179199,4233
1688984741947,-179199,4233
1688984741948,-179199,4233
1688984741951,-179199,4233
1688984741953,-179199,4233
1688984741955,-179199,4233
1688984741956,-179199,4233
1688984741958,-179199,4233
1688984741960,-179199,4233
1688984741961,-179199,4233
1688984741962,-179199,4233
1688984741963,-179199,4233
1688984741965,-179199,4233
1688984741966,-179199,4233
1688984741967,-179199,4233
1688984741969,-179199,4233
1688984741970,-179199,4233
1688984741972,-179199,4233
1688984741974,-179199,4233
1688984741975,-179199,4233
1688984741977,-179199,4233
1688984741978,-179199,4233
1688984741980,-179199,4233
1688984741982,-179199,4233
1688984741984,-179199,4233
1688984741985,-179199,4233
1688984741986,-179199,4233
1688984741988,-179199,4233
1688984741990,-179199,4233
1688984741992,-179199,4233
1688984741993,-179199,4233
1688984741995,-179199,4233
1688984741996,-179199,4233
1688984741998,-179199,4233
1688984742000,-179199,4233
1688984742002,-179199,4233
1688984742003,-179199,4233
1688984742005,-179199,4233
1688984742006,-179199,4233
1688984742007,-179199,4233
1688984742009,-179199,4233
1688984742011,-179199,4233
1688984742013,-179199,4233
1688984742015,-179199,4233
1688984742017,-179199,4233
1688984742018,-179199,4233
1688984742021,-179199,4233
1688984742023,-179199,4233
1688984742025,-179199,4233
1688984742026,-179199,4233
1688984742028,-179199,4233
1688984742030,-179199,4233
1688984742032,-179199,4233
1688984742034,-179199,4233
1688984742036,-179199,4233
1688984742038,-179199,4233
1688984742040,-179199,4233
1688984742042,-179199,4233
1688984742043,-179199,4233
1688984742045,-179199,4233
1688984742046,-179199,4233
1688984742048,-179199,4233
1688984742050,-179199,4233
1688984742052,-179199,4233
1688984742053,-179199,4233
1688984742055,-179199,4233
1688984742056,-179199,4233
1688984742058,-179199,4233
1688984742061,-179199,4233
1688984742063,-179199,4233
1688984742065,-179199,4233
1688984742067,-179199,4233
1688984742069,-179199,4233
1688984742071,-179199,4233
1688984742074,-179199,4233
1688984742076,-179199,4233
1688984742078,-179199,4233
1688984742080,-179199,4233
1688984742082,-179199,4233
1688984742084,-179199,4233
1688984742086,-179199,4233
1688984742089,-179199,4233
1688984742091,-179199,4233
1688984742093,-179199,4233
1688984742095,-179199,4233
1688984742098,-179199,4233
1688984742100,-179199,4233
1688984742102,-179199,4233
1688984742105,-179199,4233
1688984742107,-179199,4233
1688984742110,-179199,4233
1688984742112,-179199,4233
1688984742114,-179199,4233
1688984742116,-179199,4233
1688984742118,-179199,4233
1688984742121,-179199,4233
1688984742123,-179199,4233
1688984742124,-179199,4233
1688984742126,-179199,4233
1688984742128,-179199,4233
1688984742131,-179199,4233
1688984742132,-179199,4233
1688984742134,-179199,4233
1688984742137,-179199,4233
1688984742138,-179199,4233
1688984742141,-179199,4233
1688984742143,-179199,4233
1688984742145,-179199,4233
1688984742146,-179199,4233
1688984742148,-179199,4233
1688984742151,-179199,4233
1688984742153,-179199,4233
1688984742155,-179199,4233
1688984742157,-179199,4233
1688984742159,-179199,4233
1688984742161,-179199,4233
1688984742163,-179199,4233
1688984742165,-179199,4233
1688984742166,-179199,4233
1688984742168,-179199,4233
1688984742170,-179199,4233
1688984742172,-179199,4233
1688984742174,-179199,4233
1688984742176,-179199,4233
1688984742180,-179199,4233
1688984742182,-179199,4233
1688984742184,-179199,4233
1688984742185,-179199,4233
1688984742187,-179199,4233
1688984742188,-179199,4233
1688984742189,-179199,4233
1688984742191,-179199,4233
1688984742192,-179199,4233
1688984742194,-179199,4233
1688984742195,-179199,4233
1688984742197,-179199,4233
1688984742198,-179199,4233
1688984742200,-179199,4233
1688984742201,-179199,4233
1688984742202,-179199,4233
1688984742204,-179199,4233
1688984742206,-179199,4233
1688984742207,-179199,4233
1688984742208,-179199,4233
1688984742210,-179199,4233
1688984742212,-179199,4233
1688984742214,-179199,4233
1688984742216,-179199,4233
1688984742218,-179199,4233
1688984742219,-179199,4233
1688984742221,-179199,4233
1688984742223,-179199,4233
1688984742225,-179199,4233
1688984742227,-179199,4233
1688984742228,-179199,4233
1688984742231,-179199,4233
1688984742233,-179199,4233
1688984742234,-179199,4233
1688984742236,-179199,4233
1688984742239,-179199,4233
1688984742241,-179199,4233
1688984742243,-179199,4233
1688984742245,-179199,4233
1688984742247,-179199,4233
1688984742249,-179199,4233
1688984742251,-179199,4233
1688984742253,-179199,4233
1688984742255,-179199,4233
1688984742257,-179199,4233
1688984742259,-179199,4233
1688984742262,-179199,4233
1688984742264,-179199,4233
1688984742267,-179199,4233
1688984742270,-179199,4233
1688984742273,-179199,4233
1688984742275,-179199,4233
1688984742278,-179199,4233
1688984742282,-179199,4233
1688984742285,-179199,4233
1688984742288,-179199,4233
1688984742291,-179199,4233
1688984742293,-179199,4233
1688984742296,-179199,4233
1688984742300,-179199,4233
1688984742304,-179199,4233
1688984742306,-179199,4233
1688984742310,-179199,4233
1688984742313,-179199,4233
1688984742316,-179199,4233
1688984742318,-179199,4233
1688984742322,-179199,4233
1688984742325,-179199,4233
1688984742328,-179199,4233
1688984742331,-179199,4233
1688984742334,-179199,4233
1688984742337,-179199,4233
1688984742341,-179199,4233
1688984742344,-179199,4233
1688984742347,-179199,4233
1688984742350,-179199,4233
1688984742353,-179199,4233
1688984742355,-179199,4233
1688984742358,-179199,4233
1688984742361,-179199,4233
1688984742364,-179199,4233
1688984742367,-179199,4233
1688984742371,-179199,4233
1688984742375,-179199,4233
1688984742378,-179199,4233
1688984742381,-179199,4233
1688984742384,-179199,4233
1688984742386,-179199,4233
1688984742389,-179199,4233
1688984742391,-179199,4233
1688984742393,-179199,4233
1688984742396,-179199,4233
1688984742398,-179199,4233
1688984742401,-179199,4233
1688984742404,-179199,4233
1688984742407,-179199,4233
1688984742409,-179199,4233
1688984742412,-179199,4233
1688984742416,-179199,4233
1688984742420,-179199,4233
1688984742423,-179199,4233
1688984742426,-179199,4233
1688984742428,-179199,4233
1688984742432,-179199,4233
1688984742435,-179199,4233
1688984742437,-179199,4233
1688984742440,-179199,4233
1688984742443,-179199,4233
1688984742445,-179199,4233
1688984742448,-179199,4233
1688984742451,-179199,4233
1688984742454,-179199,4233
1688984742457,-179199,4233
1688984742461,-179199,4233
1688984742464,-179199,4233
1688984742472,-179199,4233
1688984742477,-179199,4233
1688984742481,-179199,4233
1688984742483,-179199,4233
1688984742486,-179199,4233
1688984742488,-179199,4233
1688984742491,-179199,4233
1688984742495,-179199,4233
1688984742500,-179199,4233
1688984742503,-179199,4233
1688984742505,-179199,4233
1688984742508,-179199,4233
1688984742511,-179199,4233
1688984742514,-179199,4233
1688984742516,-179199,4233
1688984742518,-179199,4233
1688984742522,-179199,4233
1688984742525,-179199,4233
1688984742527,-179199,4233
1688984742531,-179199,4233
1688984742534,-179199,4233
1688984742537,-179199,4233
1688984742540,-179199,4233
1688984742544,-179199,4233
1688984742547,-179199,4233
1688984742550,-179199,4233
1688984742553,-179199,4233
1688984742556,-179199,4233
1688984742558,-179199,4233
1688984742562,-179199,4233
1688984742564,-179199,4233
1688984742567,-179199,4233
1688984742570,-179199,4233
1688984742574,-179199,4233
1688984742577,-179199,4233
1688984742580,-179199,4233
1688984742583,-179199,4233
1688984742586,-179199,4233
1688984742588,-179199,4233
1688984742591,-179199,4233
1688984742594,-179199,4233
1688984742597,-179199,4233
1688984742600,-179199,4233
1688984742603,-179199,4233
1688984742606,-179199,4233
1688984742608,-179199,4233
1688984742611,-179199,4233
1688984742615,-179199,4233
1688984742618,-179199,4233
1688984742622,-179199,4233
1688984742624,-179199,4233
1688984742627,-179199,4233
1688984742630,-179199,4233
1688984742633,-179199,4233
1688984742636,-179199,4233
1688984742638,-179199,4233
1688984742641,-179199,4233
1688984742644,-179199,4233
1688984742647,-179199,4233
1688984742650,-179199,4233
1688984742655,-179199,4233
1688984742658,-179199,4233
1688984742661,-179199,4233
1688984742664,-179199,4233
1688984742666,-179199,4233
1688984742670,-179199,4233
1688984742673,-179199,4233
1688984742676,-179199,4233
1688984742679,-179199,4233
1688984742682,-179199,4233
1688984742684,-179199,4233
1688984742686,-179199,4233
1688984742689,-179199,4233
1688984742692,-179199,4233
1688984742695,-179199,4233
1688984742698,-179199,4233
1688984742701,-179199,4233
1688984742704,-179199,4233
1688984742707,-179199,4233
1688984742710,-179199,4233
1688984742713,-179199,4233
1688984742716,-179199,4233
1688984742720,-179199,4233
1688984742723,-179199,4233
1688984742725,-179199,4233
1688984742728,-179199,4233
1688984742733,-179199,4233
1688984742736,-179199,4233
1688984742740,-179199,4233
1688984742743,-179199,4233
1688984742746,-179199,4233
1688984742749,-179199,4233
1688984742752,-179199,4233
1688984742755,-179199,4233
1688984742758,-179199,4233
1688984742762,-179199,4233
1688984742765,-179199,4233
1688984742768,-179199,4233
1688984742771,-179199,4233
1688984742773,-179199,4233
1688984742776,-179199,4233
1688984742780,-179199,4233
1688984742782,-179199,4233
1688984742785,-179199,4233
1688984742787,-179199,4233
1688984742791,-179199,4233
1688984742794,-179199,4233
1688984742796,-179199,4233
1688984742799,-179199,4233
1688984742802,-179199,4233
1688984742805,-179199,4233
1688984742807,-179199,4233
1688984742810,-179199,4233
1688984742813,-179199,4233
1688984742816,-179199,4233
1688984742821,-179199,4233
1688984742824,-179199,4233
1688984742827,-179199,4233
1688984742830,-179199,4233
1688984742833,-179199,4233
1688984742836,-179199,4233
1688984742838,-179199,4233
1688984742841,-179199,4233
1688984742843,-179199,4233
1688984742846,-179199,4233
1688984742849,-179199,4233
1688984742852,-179199,4233
1688984742855,-179199,4233
1688984742858,-179199,4233
1688984742863,-179199,4233
1688984742865,-179199,4233
1688984742868,-179199,4233
1688984742871,-179199,4233
1688984742874,-179199,4233
1688984742877,-179199,4233
1688984742879,-179199,4233
1688984742882,-179199,4233
1688984742885,-179199,4233
1688984742888,-179199,4233
1688984742891,-179199,4233
1688984742895,-179199,4233
1688984742898,-179199,4233
1688984742901,-179199,4233
1688984742904,-179199,4233
1688984742906,-179199,4233
1688984742909,-179199,4233
1688984742912,-179199,4233
1688984742914,-179199,4233
1688984742917,-179199,4233
1688984742920,-179199,4233
1688984742923,-179199,4233
1688984742925,-179199,4233
1688984742928,-179199,4233
1688984742931,-179199,4233
1688984742935,-179199,4233
1688984742938,-179199,4233
1688984742942,-179199,4233
1688984742945,-179199,4233
1688984742948,-179199,4233
1688984742951,-179199,4233
1688984742954,-179199,4233
1688984742956,-179199,4233
1688984742960,-179199,4233
1688984742962,-179199,4233
1688984742965,-179199,4233
1688984742968,-179199,4233
1688984742971,-179199,4233
1688984742974,-179199,4233
1688984742978,-179199,4233
1688984742981,-179199,4233
1688984742983,-179199,4233
1688984742986,-179199,4233
1688984742989,-179199,4233
1688984742993,-179199,4233
1688984742995,-179199,4233
1688984742997,-179199,4233
1688984743002,-179199,4233
1688984743005,-179199,4233
1688984743008,-179199,4233
1688984743010,-135742,4233
1688984743014,-135742,4233
1688984743017,-135742,4233
1688984743020,-135742,4233
1688984743022,-135742,4233
1688984743025,-135742,4233
1688984743028,-135742,4233
1688984743031,-135742,4233
1688984743034,-135742,4233
1688984743037,-135742,4233
1688984743040,-135742,4233
1688984743042,-135742,4233
1688984743045,-135742,4233
1688984743048,-135742,4233
1688984743052,-135742,4233
1688984743055,-135742,4233
1688984743058,-135742,4233
1688984743061,-135742,4233
1688984743064,-135742,4233
1688984743067,-135742,4233
1688984743070,-135742,4233
1688984743072,-135742,4233
1688984743075,-135742,4233
1688984743077,-135742,4233
1688984743081,-135742,4233
1688984743084,-135742,4233
1688984743087,-135742,4233
1688984743090,-135742,4233
1688984743094,-135742,4233
1688984743097,-135742,4233
1688984743101,-135742,4233
1688984743103,-135742,4233
1688984743106,-135742,4233
1688984743108,-135742,4233
1688984743111,-135742,4233
1688984743113,-135742,4233
1688984743116,-135742,4233
1688984743120,-135742,4233
1688984743123,-135742,4233
1688984743126,-135742,4233
1688984743128,-135742,4233
1688984743132,-135742,4233
1688984743136,-135742,4233
1688984743139,-135742,4233
1688984743143,-135742,4233
1688984743146,-135742,4233
1688984743148,-135742,4233
1688984743151,-135742,4233
1688984743154,-135742,4233
1688984743156,-135742,4233
1688984743159,-135742,4233
1688984743161,-135742,4233
1688984743163,-135742,4233
1688984743166,-135742,4233
1688984743168,-135742,4233
1688984743171,-135742,4233
1688984743173,-135742,4233
1688984743175,-135742,4233
1688984743178,-135742,4233
1688984743180,-135742,4233
1688984743182,-135742,4233
1688984743185,-135742,4233
1688984743187,-135742,4233
1688984743189,-135742,4233
1688984743191,-135742,4233
1688984743193,-135742,4233
1688984743195,-135742,4233
1688984743197,-135742,4233
1688984743200,-135742,4233
1688984743202,-135742,4233
1688984743205,-135742,4233
1688984743207,-135742,4233
1688984743209,-135742,4233
1688984743211,-135742,4233
1688984743214,-135742,4233
1688984743216,-135742,4233
1688984743218,-135742,4233
1688984743220,-135742,4233
1688984743222,-135742,4233
1688984743224,-135742,4233
1688984743226,-135742,4233
1688984743228,-135742,4233
1688984743231,-135742,4233
1688984743233,-135742,4233
1688984743235,-135742,4233
1688984743237,-135742,4233
1688984743239,-135742,4233
1688984743242,-135742,4233
1688984743244,-135742,4233
1688984743245,-135742,4233
1688984743248,-135742,4233
1688984743251,-135742,4233
1688984743253,-135742,4233
1688984743255,-135742,4233
1688984743257,-135742,4233
1688984743260,-135742,4233
1688984743262,-135742,4233
1688984743264,-135742,4233
1688984743266,-135742,4233
1688984743268,-135742,4233
1688984743272,-135742,4233
1688984743274,-135742,4233
1688984743276,-135742,4233
1688984743278,-135742,4233
1688984743281,-135742,4233
1688984743283,-135742,4233
1688984743285,-135742,4233
1688984743287,-135742,4233
1688984743290,-135742,4233
1688984743293,-135742,4233
1688984743295,-135742,4233
1688984743297,-135742,4233
1688984743299,-135742,4233
1688984743301,-135742,4233
1688984743304,-135742,4233
1688984743306,-135742,4233
1688984743308,-135742,4233
1688984743310,-135742,4233
1688984743312,-135742,4233
1688984743314,-135742,4233
1688984743317,-135742,4233
1688984743319,-135742,4233
1688984743322,-135742,4233
1688984743324,-135742,4233
1688984743326,-135742,4233
1688984743328,-135742,4233
1688984743331,-135742,4233
1688984743333,-135742,4233
1688984743335,-135742,4233
1688984743337,-135742,4233
1688984743339,-135742,4233
1688984743342,-135742,4233
1688984743344,-135742,4233
1688984743346,-135742,4233
1688984743348,-135742,4233
1688984743350,-135742,4233
1688984743352,-135742,4233
1688984743354,-135742,4233
1688984743356,-135742,4233
1688984743358,-135742,4233
1688984743361,-135742,4233
1688984743363,-135742,4233
1688984743366,-135742,4233
1688984743368,-135742,4233
1688984743371,-135742,4233
1688984743373,-135742,4233
1688984743375,-135742,4233
1688984743377,-135742,4233
1688984743380,-135742,4233
1688984743382,-135742,4233
1688984743385,-135742,4233
1688984743387,-135742,4233
1688984743390,-135742,4233
1688984743392,-135742,4233
1688984743395,-135742,4233
1688984743396,-135742,4233
1688984743399,-135742,4233
1688984743401,-135742,4233
1688984743403,-135742,4233
1688984743406,-135742,4233
1688984743410,-135742,4233
1688984743414,-135742,4233
1688984743417,-135742,4233
1688984743420,-135742,4233
1688984743423,-135742,4233
1688984743425,-135742,4233
1688984743428,-135742,4233
1688984743431,-135742,4233
1688984743434,-135742,4233
1688984743436,-135742,4233
1688984743439,-135742,4233
1688984743442,-135742,4233
1688984743444,-135742,4233
1688984743447,-135742,4233
1688984743452,-135742,4233
1688984743455,-135742,4233
1688984743458,-135742,4233
1688984743461,-135742,4233
1688984743464,-135742,4233
1688984743467,-135742,4233
1688984743470,-135742,4233
1688984743473,-135742,4233
1688984743477,-135742,4233
1688984743480,-135742,4233
1688984743483,-135742,4233
1688984743486,-135742,4233
1688984743488,-135742,4233
1688984743492,-135742,4233
1688984743495,-135742,4233
1688984743498,-135742,4233
1688984743501,-135742,4233
1688984743503,-135742,4233
1688984743506,-135742,4233
1688984743508,-135742,4233
1688984743513,-135742,4233
1688984743515,-135742,4233
1688984743518,-135742,4233
1688984743521,-135742,4233
1688984743524,-135742,4233
1688984743527,-135742,4233
1688984743530,-135742,4233
1688984743533,-135742,4233
1688984743536,-135742,4233
1688984743539,-135742,4233
1688984743542,-135742,4233
1688984743546,-135742,4233
1688984743548,-135742,4233
1688984743551,-135742,4233
1688984743554,-135742,4233
1688984743557,-135742,4233
1688984743560,-135742,4233
1688984743563,-135742,4233
1688984743566,-135742,4233
1688984743568,-135742,4233
1688984743572,-135742,4233
1688984743575,-135742,4233
1688984743577,-135742,4233
1688984743580,-135742,4233
1688984743583,-135742,4233
1688984743586,-135742,4233
1688984743589,-135742,4233
1688984743592,-135742,4233
1688984743595,-135742,4233
1688984743597,-135742,4233
1688984743601,-135742,4233
1688984743604,-135742,4233
1688984743607,-135742,4233
1688984743611,-135742,4233
1688984743614,-135742,4233
1688984743617,-135742,4233
1688984743620,-135742,4233
1688984743623,-135742,4233
1688984743625,-135742,4233
1688984743631,-135742,4233
1688984743634,-135742,4233
1688984743637,-135742,4233
1688984743640,-135742,4233
1688984743643,-135742,4233
1688984743646,-135742,4233
1688984743650,-135742,4233
1688984743653,-135742,4233
1688984743655,-135742,4233
1688984743658,-135742,4233
1688984743662,-135742,4233
1688984743665,-135742,4233
1688984743668,-135742,4233
1688984743671,-135742,4233
1688984743674,-135742,4233
1688984743676,-135742,4233
1688984743679,-135742,4233
1688984743682,-135742,4233
1688984743685,-135742,4233
1688984743688,-135742,4233
1688984743692,-135742,4233
1688984743695,-135742,4233
1688984743697,-135742,4233
1688984743701,-135742,4233
1688984743703,-135742,4233
1688984743706,-135742,4233
1688984743709,-135742,4233
1688984743712,-135742,4233
1688984743714,-135742,4233
1688984743716,-135742,4233
1688984743721,-135742,4233
1688984743724,-135742,4233
1688984743726,-135742,4233
1688984743730,-135742,4233
1688984743733,-135742,4233
1688984743735,-135742,4233
1688984743738,-135742,4233
1688984743741,-135742,4233
1688984743743,-135742,4233
1688984743746,-135742,4233
1688984743748,-135742,4233
1688984743751,-135742,4233
1688984743754,-135742,4233
1688984743756,-135742,4233
1688984743758,-135742,4233
1688984743761,-135742,4233
1688984743764,-135742,4233
1688984743767,-135742,4233
1688984743770,-135742,4233
1688984743773,-135742,4233
1688984743776,-135742,4233
1688984743778,-135742,4233
1688984743781,-135742,4233
1688984743784,-135742,4233
1688984743786,-135742,4233
1688984743790,-135742,4233
1688984743792,-135742,4233
1688984743795,-135742,4233
1688984743797,-135742,4233
1688984743800,-135742,4233
1688984743803,-135742,4233
1688984743805,-135742,4233
1688984743808,-135742,4233
1688984743812,-135742,4233
1688984743815,-135742,4233
1688984743817,-135742,4233
1688984743821,-135742,4233
1688984743824,-135742,4233
1688984743826,-135742,4233
1688984743829,-135742,4233
1688984743832,-135742,4233
1688984743835,-135742,4233
1688984743838,-135742,4233
1688984743842,-135742,4233
1688984743845,-135742,4233
1688984743848,-135742,4233
1688984743851,-135742,4233
1688984743854,-135742,4233
1688984743856,-135742,4233
1688984743859,-135742,4233
1688984743862,-135742,4233
1688984743864,-135742,4233
1688984743867,-135742,4233
1688984743871,-135742,4233
1688984743875,-135742,4233
1688984743877,-135742,4233
1688984743880,-135742,4233
1688984743883,-135742,4233
1688984743885,-135742,4233
1688984743888,-135742,4233
1688984743892,-135742,4233
1688984743895,-135742,4233
1688984743897,-135742,4233
1688984743901,-135742,4233
1688984743904,-135742,4233
1688984743907,-135742,4233
1688984743910,-135742,4233
1688984743912,-135742,4233
1688984743915,-135742,4233
1688984743917,-135742,4233
1688984743921,-135742,4233
1688984743924,-135742,4233
1688984743928,-135742,4233
1688984743932,-135742,4233
1688984743935,-135742,4233
1688984743937,-135742,4233
1688984743940,-135742,4233
1688984743943,-135742,4233
1688984743946,-135742,4233
1688984743948,-135742,4233
1688984743951,-135742,4233
1688984743954,-135742,4233
1688984743957,-135742,4233
1688984743960,-135742,4233
1688984743962,-135742,4233
1688984743965,-135742,4233
1688984743967,-135742,4233
1688984743969,-135742,4233
1688984743971,-135742,4233
1688984743974,-135742,4233
1688984743976,-135742,4233
1688984743978,-135742,4233
1688984743980,-135742,4233
1688984743983,-135742,4233
1688984743986,-135742,4233
1688984743988,-135742,4233
1688984743991,-135742,4233
1688984743995,-135742,4233
1688984743997,-135742,4233
1688984744000,-135742,4233
1688984744003,-135742,4233
1688984744006,-135742,4233
1688984744010,-135742,4233
1688984744013,-135742,4233
1688984744016,-135742,4233
1688984744018,-135742,4233
1688984744022,-135742,4233
1688984744025,-135742,4233
1688984744027,-135742,4233
1688984744030,-135742,4233
1688984744033,-135742,4233
1688984744036,-135742,4233
1688984744038,-135742,4233
1688984744041,-135742,4233
1688984744044,-135742,4233
1688984744047,-135742,4233
1688984744051,-135742,4233
1688984744053,-135742,4233
1688984744056,-135742,4233
1688984744060,-135742,4233
1688984744063,-135742,4233
1688984744065,-135742,4233
1688984744068,-135742,4233
1688984744070,-135742,4233
1688984744072,-135742,4233
1688984744075,-135742,4233
1688984744078,-135742,4233
1688984744081,-135742,4233
1688984744085,-135742,4233
1688984744088,-135742,4233
1688984744091,-135742,4233
1688984744094,-135742,4233
1688984744097,-135742,4233
1688984744100,-135742,4233
1688984744103,-135742,4233
1688984744106,-135742,4233
1688984744108,-135742,4233
1688984744111,-135742,4233
1688984744114,-135742,4233
1688984744116,-135742,4233
1688984744119,-135742,4233
1688984744122,-135742,4233
1688984744124,-135742,4233
1688984744127,-135742,4233
1688984744130,-135742,4233
1688984744132,-135742,4233
1688984744135,-135742,4233
1688984744137,-135742,4233
1688984744141,-135742,4233
1688984744143,-135742,4233
1688984744145,-135742,4233
1688984744147,-135742,4233
1688984744150,-135742,4233
1688984744152,-135742,4233
1688984744154,-135742,4233
1688984744155,-135742,4233
1688984744157,-135742,4233
1688984744160,-135742,4233
1688984744161,-135742,4233
1688984744163,-135742,4233
1688984744165,-135742,4233
1688984744166,-135742,4233
1688984744168,-135742,4233
1688984744169,-135742,4233
1688984744171,-135742,4233
1688984744172,-135742,4233
1688984744174,-135742,4233
1688984744175,-135742,4233
1688984744176,-135742,4233
1688984744178,-135742,4233
1688984744179,-135742,4233
1688984744181,-135742,4233
1688984744182,-135742,4233
1688984744183,-135742,4233
1688984744184,-135742,4233
1688984744186,-135742,4233
1688984744187,-135742,4233
1688984744188,-135742,4233
1688984744190,-135742,4233
1688984744191,-135742,4233
1688984744192,-135742,4233
1688984744193,-135742,4233
1688984744195,-135742,4233
1688984744196,-135742,4233
1688984744198,-135742,4233
1688984744200,-135742,4233
1688984744201,-135742,4233
1688984744204,-135742,4233
1688984744205,-135742,4233
1688984744207,-135742,4233
1688984744209,-135742,4233
1688984744211,-135742,4233
1688984744213,-135742,4233
1688984744214,-135742,4233
1688984744216,-135742,4233
1688984744217,-135742,4233
1688984744219,-135742,4233
1688984744220,-135742,4233
1688984744222,-135742,4233
1688984744224,-135742,4233
1688984744225,-135742,4233
1688984744226,-135742,4233
1688984744228,-135742,4233
1688984744230,-135742,4233
1688984744232,-135742,4233
1688984744234,-135742,4233
1688984744236,-135742,4233
1688984744238,-135742,4233
1688984744240,-135742,4233
1688984744245,-135742,4233
1688984744249,-135742,4233
1688984744252,-135742,4233
1688984744255,-135742,4233
1688984744258,-135742,4233
1688984744261,-135742,4233
1688984744265,-135742,4233
1688984744267,-135742,4233
1688984744270,-135742,4233
1688984744274,-135742,4233
1688984744276,-135742,4233
1688984744279,-135742,4233
1688984744283,-135742,4233
1688984744286,-135742,4233
1688984744289,-135742,4233
1688984744293,-135742,4233
1688984744296,-135742,4233
1688984744298,-135742,4233
1688984744303,-135742,4233
1688984744306,-135742,4233
1688984744309,-135742,4233
1688984744312,-135742,4233
1688984744315,-135742,4233
1688984744317,-135742,4233
1688984744320,-135742,4233
1688984744323,-135742,4233
1688984744331,-135742,4233
1688984744335,-135742,4233
1688984744338,-135742,4233
1688984744342,-135742,4233
1688984744344,-135742,4233
1688984744347,-135742,4233
1688984744351,-135742,4233
1688984744354,-135742,4233
1688984744357,-135742,4233
1688984744360,-135742,4233
1688984744363,-135742,4233
1688984744366,-135742,4233
1688984744369,-135742,4233
1688984744372,-135742,4233
1688984744374,-135742,4233
1688984744376,-135742,4233
1688984744379,-135742,4233
1688984744382,-135742,4233
1688984744386,-135742,4233
1688984744390,-135742,4233
1688984744394,-135742,4233
1688984744397,-135742,4233
1688984744402,-135742,4233
1688984744406,-135742,4233
1688984744409,-135742,4233
1688984744418,-135742,4233
1688984744423,-135742,4233
1688984744430,-135742,4233
1688984744440,-135742,4233
1688984744443,-135742,4233
1688984744445,-135742,4233
1688984744447,-135742,4233
1688984744448,-135742,4233
1688984744450,-135742,4233
1688984744452,-135742,4233
1688984744453,-135742,4233
1688984744455,-135742,4233
1688984744456,-135742,4233
1688984744458,-135742,4233
1688984744460,-135742,4233
1688984744462,-135742,4233
1688984744464,-135742,4233
1688984744466,-135742,4233
1688984744468,-135742,4233
1688984744469,-135742,4233
1688984744471,-135742,4233
1688984744473,-135742,4233
1688984744475,-135742,4233
1688984744479,-135742,4233
1688984744482,-211425,4233
1688984744484,-211425,4233
1688984744487,-211425,4233
1688984744488,-211425,4233
1688984744491,-211425,4233
1688984744492,-211425,4233
1688984744494,-211425,4233
1688984744496,-211425,4233
1688984744498,-211425,4233
1688984744500,-211425,4233
1688984744502,-211425,4233
1688984744504,-211425,4233
1688984744506,-211425,4233
1688984744507,-211425,4233
1688984744510,-211425,4233
1688984744512,-211425,4233
1688984744514,-211425,4233
1688984744516,-211425,4233
1688984744518,-211425,4233
1688984744520,-211425,4233
1688984744523,-211425,4233
1688984744525,-211425,4233
1688984744527,-211425,4233
1688984744529,-211425,4233
1688984744531,-211425,4233
1688984744533,-211425,4233
1688984744535,-211425,4233
1688984744537,-211425,4233
1688984744540,-211425,4233
1688984744542,-211425,4233
1688984744544,-211425,4233
1688984744545,-211425,4233
1688984744547,-211425,4233
1688984744549,-211425,4233
1688984744551,-211425,4233
1688984744553,-211425,4233
1688984744555,-211425,4233
1688984744557,-211425,4233
1688984744560,-211425,4233
1688984744562,-211425,4233
1688984744565,-211425,4233
1688984744567,-211425,4233
1688984744570,-211425,4233
1688984744572,-211425,4233
1688984744574,-211425,4233
1688984744577,-211425,4233
1688984744579,-211425,4233
1688984744582,-211425,4233
1688984744584,-211425,4233
1688984744586,-211425,4233
1688984744588,-211425,4233
1688984744590,-211425,4233
1688984744592,-211425,4233
1688984744594,-211425,4233
1688984744596,-211425,4233
1688984744598,-211425,4233
1688984744601,-211425,4233
1688984744603,-211425,4233
1688984744605,-211425,4233
1688984744607,-211425,4233
1688984744610,-211425,4233
1688984744612,-211425,4233
1688984744614,-211425,4233
1688984744616,-211425,4233
1688984744618,-211425,4233
1688984744620,-211425,4233
1688984744622,-211425,4233
1688984744624,-211425,4233
1688984744626,-211425,4233
1688984744628,-211425,4233
1688984744630,-211425,4233
1688984744632,-211425,4233
1688984744634,-211425,4233
1688984744636,-211425,4233
1688984744638,-211425,4233
1688984744640,-211425,4233
1688984744643,-211425,4233
1688984744645,-211425,4233
1688984744647,-211425,4233
1688984744650,-211425,4233
1688984744653,-211425,4233
1688984744655,-211425,4233
1688984744657,-211425,4233
1688984744659,-211425,4233
1688984744662,-211425,4233
1688984744664,-211425,4233
1688984744666,-211425,4233
1688984744668,-211425,4233
1688984744670,-211425,4233
1688984744672,-211425,4233
1688984744675,-211425,4233
1688984744678,-211425,4233
1688984744682,-211425,4233
1688984744684,-211425,4233
1688984744686,-211425,4233
1688984744689,-211425,4233
1688984744692,-211425,4233
1688984744695,-211425,4233
1688984744697,-211425,4233
1688984744700,-211425,4233
1688984744703,-211425,4233
1688984744705,-211425,4233
1688984744707,-211425,4233
1688984744711,-211425,4233
1688984744714,-211425,4233
1688984744716,-211425,4233
1688984744719,-211425,4233
1688984744722,-211425,4233
1688984744726,-211425,4233
1688984744728,-211425,4233
1688984744732,-211425,4233
1688984744734,-211425,4233
1688984744737,-211425,4233
1688984744741,-211425,4233
1688984744744,-211425,4233
1688984744747,-211425,4233
1688984744750,-211425,4233
1688984744752,-211425,4233
1688984744754,-211425,4233
1688984744756,-211425,4233
1688984744758,-211425,4233
1688984744761,-211425,4233
1688984744764,-211425,4233
1688984744767,-211425,4233
1688984744771,-211425,4233
1688984744774,-211425,4233
1688984744777,-211425,4233
1688984744780,-211425,4233
1688984744783,-211425,4233
1688984744786,-211425,4233
1688984744789,-211425,4233
1688984744791,-211425,4233
1688984744794,-211425,4233
1688984744796,-211425,4233
1688984744798,-211425,4233
1688984744802,-211425,4233
1688984744806,-211425,4233
1688984744808,-211425,4233
1688984744812,-211425,4233
1688984744814,-211425,4233
1688984744817,-211425,4233
1688984744819,-211425,4233
1688984744822,-211425,4233
1688984744824,-211425,4233
1688984744827,-211425,4233
1688984744831,-211425,4233
1688984744833,-211425,4233
1688984744836,-211425,4233
1688984744840,-211425,4233
1688984744843,-211425,4233
1688984744846,-211425,4233
1688984744850,-211425,4233
1688984744852,-211425,4233
1688984744855,-211425,4233
1688984744857,-211425,4233
1688984744861,-211425,4233
1688984744864,-211425,4233
1688984744867,-211425,4233
1688984744869,-211425,4233
1688984744873,-211425,4233
1688984744875,-211425,4233
1688984744878,-211425,4233
1688984744883,-211425,4233
1688984744886,-211425,4233
1688984744890,-211425,4233
1688984744893,-211425,4233
1688984744896,-211425,4233
1688984744900,-211425,4233
1688984744903,-211425,4233
1688984744906,-211425,4233
1688984744908,-211425,4233
1688984744912,-211425,4233
1688984744915,-211425,4233
1688984744918,-211425,4233
1688984744921,-211425,4233
1688984744925,-211425,4233
1688984744927,-211425,4233
1688984744930,-211425,4233
1688984744933,-211425,4233
1688984744935,-211425,4233
1688984744938,-211425,4233
1688984744941,-211425,4233
1688984744944,-211425,4233
1688984744946,-211425,4233
1688984744949,-211425,4233
1688984744952,-211425,4233
1688984744955,-211425,4233
1688984744957,-211425,4233
1688984744961,-211425,4233
1688984744965,-211425,4233
1688984744967,-211425,4233
1688984744970,-211425,4233
1688984744974,-211425,4233
1688984744976,-211425,4233
1688984744980,-211425,4233
1688984744983,-211425,4233
1688984744985,-211425,4233
1688984744988,-211425,4233
1688984744990,-211425,4233
1688984744993,-211425,4233
1688984744996,-211425,4233
1688984744999,-211425,4233
1688984745003,-211425,4233
1688984745006,-211425,4233
1688984745009,-211425,4233
1688984745012,-211425,4233
1688984745014,-211425,4233
1688984745017,-211425,4233
1688984745020,-211425,4233
1688984745023,-211425,4233
1688984745026,-211425,4233
1688984745030,-211425,4233
1688984745033,-211425,4233
1688984745035,-211425,4233
1688984745038,-211425,4233
1688984745042,-211425,4233
1688984745045,-211425,4233
1688984745048,-211425,4233
1688984745051,-211425,4233
1688984745056,-211425,4233
1688984745061,-211425,4233
1688984745065,-211425,4233
1688984745067,-211425,4233
1688984745070,-211425,4233
1688984745073,-211425,4233
1688984745077,-211425,4233
1688984745081,-211425,4233
1688984745085,-211425,4233
1688984745087,-211425,4233
1688984745089,-211425,4233
1688984745091,-211425,4233
1688984745092,-211425,4233
1688984745094,-211425,4233
1688984745095,-211425,4233
1688984745096,-211425,4233
1688984745098,-211425,4233
1688984745101,-211425,4233
1688984745102,-211425,4233
1688984745104,-211425,4233
1688984745105,-211425,4233
1688984745107,-211425,4233
1688984745108,-211425,4233
1688984745110,-211425,4233
1688984745112,-211425,4233
1688984745113,-211425,4233
1688984745115,-211425,4233
1688984745116,-211425,4233
1688984745117,-211425,4233
1688984745119,-211425,4233
1688984745121,-211425,4233
1688984745123,-211425,4233
1688984745125,-211425,4233
1688984745127,-211425,4233
1688984745128,-211425,4233
1688984745131,-211425,4233
1688984745133,-211425,4233
1688984745135,-211425,4233
1688984745136,-211425,4233
1688984745138,-211425,4233
1688984745140,-211425,4233
1688984745142,-211425,4233
1688984745144,-211425,4233
1688984745146,-211425,4233
1688984745147,-211425,4233
1688984745150,-211425,4233
1688984745152,-211425,4233
1688984745153,-211425,4233
1688984745155,-211425,4233
1688984745157,-211425,4233
1688984745160,-211425,4233
1688984745164,-211425,4233
1688984745168,-211425,4233
1688984745171,-211425,4233
1688984745175,-211425,4233
1688984745178,-211425,4233
1688984745181,-211425,4233
1688984745183,-211425,4233
1688984745186,-211425,4233
1688984745188,-211425,4233
1688984745193,-211425,4233
1688984745195,-211425,4233
1688984745198,-211425,4233
1688984745202,-211425,4233
1688984745205,-211425,4233
1688984745208,-211425,4233
1688984745210,-211425,4233
1688984745213,-211425,4233
1688984745215,-211425,4233
1688984745218,-211425,4233
1688984745222,-211425,4233
1688984745224,-211425,4233
1688984745226,-211425,4233
1688984745228,-211425,4233
1688984745230,-211425,4233
1688984745232,-211425,4233
1688984745234,-211425,4233
1688984745236,-211425,4233
1688984745239,-211425,4233
1688984745243,-211425,4233
1688984745246,-211425,4233
1688984745248,-211425,4233
1688984745251,-211425,4233
1688984745254,-211425,4233
1688984745256,-211425,4233
1688984745259,-211425,4233
1688984745262,-211425,4233
1688984745265,-211425,4233
1688984745267,-211425,4233
1688984745270,-211425,4233
1688984745273,-211425,4233
1688984745276,-211425,4233
1688984745279,-211425,4233
1688984745283,-211425,4233
1688984745286,-211425,4233
1688984745288,-211425,4233
1688984745291,-211425,4233
1688984745294,-211425,4233
1688984745296,-211425,4233
1688984745300,-211425,4233
1688984745303,-211425,4233
1688984745306,-211425,4233
1688984745311,-211425,4233
1688984745314,-211425,4233
1688984745317,-211425,4233
1688984745321,-211425,4233
1688984745324,-211425,4233
1688984745327,-211425,4233
1688984745330,-211425,4233
1688984745333,-211425,4233
1688984745335,-211425,4233
1688984745338,-211425,4233
1688984745341,-211425,4233
1688984745344,-211425,4233
1688984745347,-211425,4233
1688984745350,-211425,4233
1688984745353,-211425,4233
1688984745355,-211425,4233
1688984745360,-211425,4233
1688984745364,-211425,4233
1688984745366,-211425,4233
1688984745370,-211425,4233
1688984745374,-211425,4233
1688984745377,-211425,4233
1688984745380,-211425,4233
1688984745384,-211425,4233
1688984745386,-211425,4233
1688984745389,-211425,4233
1688984745392,-211425,4233
1688984745395,-211425,4233
1688984745398,-211425,4233
1688984745402,-211425,4233
1688984745405,-211425,4233
1688984745408,-211425,4233
1688984745411,-211425,4233
1688984745414,-211425,4233
1688984745417,-211425,4233
1688984745420,-211425,4233
1688984745423,-211425,4233
1688984745426,-211425,4233
1688984745428,-211425,4233
1688984745432,-211425,4233
1688984745435,-211425,4233
1688984745438,-211425,4233
1688984745443,-211425,4233
1688984745446,-211425,4233
1688984745448,-211425,4233
1688984745452,-211425,4233
1688984745454,-211425,4233
1688984745457,-211425,4233
1688984745461,-211425,4233
1688984745464,-211425,4233
1688984745467,-211425,4233
1688984745470,-211425,4233
1688984745473,-211425,4233
1688984745475,-211425,4233
1688984745478,-211425,4233
1688984745486,-211425,4233
1688984745491,-211425,4233
1688984745496,-211425,4233
1688984745498,-211425,4233
1688984745501,-211425,4233
1688984745504,-211425,4233
1688984745507,-211425,4233
1688984745509,-211425,4233
1688984745511,-211425,4233
1688984745515,-211425,4233
1688984745518,-211425,4233
1688984745521,-211425,4233
1688984745523,-211425,4233
1688984745525,-211425,4233
1688984745527,-211425,4233
1688984745529,-211425,4233
1688984745531,-211425,4233
1688984745533,-211425,4233
1688984745535,-211425,4233
1688984745538,-211425,4233
1688984745542,-211425,4233
1688984745545,-211425,4233
1688984745547,-211425,4233
1688984745550,-211425,4233
1688984745552,-211425,4233
1688984745554,-211425,4233
1688984745556,-211425,4233
1688984745558,-211425,4233
1688984745561,-211425,4233
1688984745563,-211425,4233
1688984745566,-211425,4233
1688984745568,-211425,4233
1688984745570,-211425,4233
1688984745572,-211425,4233
1688984745574,-211425,4233
1688984745576,-211425,4233
1688984745578,-211425,4233
1688984745581,-211425,4233
1688984745583,-211425,4233
1688984745585,-211425,4233
1688984745587,-211425,4233
1688984745590,-211425,4233
1688984745592,-211425,4233
1688984745594,-211425,4233
1688984745596,-211425,4233
1688984745599,-211425,4233
1688984745602,-211425,4233
1688984745605,-211425,4233
1688984745607,-211425,4233
1688984745609,-211425,4233
1688984745611,-211425,4233
1688984745613,-211425,4233
1688984745615,-211425,4233
1688984745617,-211425,4233
1688984745620,-211425,4233
1688984745622,-211425,4233
1688984745624,-211425,4233
1688984745626,-211425,4233
1688984745628,-211425,4233
1688984745631,-211425,4233
1688984745633,-211425,4233
1688984745636,-211425,4233
1688984745638,-211425,4233
1688984745640,-211425,4233
1688984745643,-211425,4233
1688984745645,-211425,4233
1688984745647,-211425,4233
1688984745649,-211425,4233
1688984745651,-211425,4233
1688984745654,-211425,4233
1688984745656,-211425,4233
1688984745658,-211425,4233
1688984745660,-211425,4233
1688984745663,-211425,4233
1688984745665,-211425,4233
1688984745667,-211425,4233
1688984745669,-211425,4233
1688984745672,-211425,4233
1688984745674,-211425,4233
1688984745677,-211425,4233
1688984745679,-211425,4233
1688984745682,-211425,4233
1688984745684,-211425,4233
1688984745686,-211425,4233
1688984745688,-211425,4233
1688984745690,-211425,4233
1688984745692,-211425,4233
1688984745694,-211425,4233
1688984745696,-211425,4233
1688984745698,-211425,4233
1688984745701,-211425,4233
1688984745703,-211425,4233
1688984745705,-211425,4233
1688984745707,-211425,4233
1688984745709,-211425,4233
1688984745711,-211425,4233
1688984745713,-211425,4233
1688984745716,-211425,4233
1688984745718,-211425,4233
1688984745720,-211425,4233
1688984745722,-211425,4233
1688984745725,-211425,4233
1688984745727,-211425,4233
1688984745730,-211425,4233
1688984745733,-211425,4233
1688984745735,-211425,4233
1688984745737,-211425,4233
1688984745739,-211425,4233
1688984745742,-211425,4233
1688984745745,-211425,4233
1688984745748,-211425,4233
1688984745752,-211425,4233
1688984745754,-211425,4233
1688984745757,-211425,4233
1688984745761,-211425,4233
1688984745763,-211425,4233
1688984745767,-211425,4233
1688984745770,-211425,4233
1688984745773,-211425,4233
1688984745775,-211425,4233
1688984745777,-211425,4233
1688984745780,-211425,4233
1688984745783,-211425,4233
1688984745785,-211425,4233
1688984745788,-211425,4233
1688984745792,-211425,4233
1688984745795,-211425,4233
1688984745798,-211425,4233
1688984745802,-211425,4233
1688984745804,-211425,4233
1688984745807,-211425,4233
1688984745810,-211425,4233
1688984745813,-211425,4233
1688984745815,-211425,4233
1688984745818,-211425,4233
1688984745822,-211425,4233
1688984745825,-211425,4233
1688984745828,-211425,4233
1688984745831,-211425,4233
1688984745834,-211425,4233
1688984745837,-211425,4233
1688984745841,-211425,4233
1688984745844,-211425,4233
1688984745847,-211425,4233
1688984745850,-211425,4233
1688984745853,-211425,4233
1688984745856,-211425,4233
1688984745858,-211425,4233
1688984745861,-211425,4233
1688984745864,-211425,4233
1688984745867,-211425,4233
1688984745870,-211425,4233
1688984745872,-211425,4233
1688984745877,-211425,4233
1688984745880,-211425,4233
1688984745883,-211425,4233
1688984745886,-211425,4233
1688984745890,-211425,4233
1688984745893,-211425,4233
1688984745896,-211425,4233
1688984745899,-211425,4233
1688984745902,-211425,4233
1688984745905,-211425,4233
1688984745908,-211425,4233
1688984745912,-211425,4233
1688984745916,-211425,4233
1688984745920,-211425,4233
1688984745924,-211425,4233
1688984745927,-211425,4233
1688984745930,-211425,4233
1688984745933,-211425,4233
1688984745936,-211425,4233
1688984745938,-211425,4233
1688984745941,-211425,4233
1688984745944,-211425,4233
1688984745947,-211425,4233
1688984745950,-140136,4233
1688984745954,-140136,4233
1688984745957,-140136,4233
1688984745960,-140136,4233
1688984745963,-140136,4233
1688984745966,-140136,4233
1688984745969,-140136,4233
1688984745972,-140136,4233
1688984745975,-140136,4233
1688984745978,-140136,4233
1688984745981,-140136,4233
1688984745984,-140136,4233
1688984745987,-140136,4233
1688984745989,-140136,4233
1688984745992,-140136,4233
1688984745996,-140136,4233
1688984746000,-140136,4233
1688984746003,-140136,4233
1688984746006,-140136,4233
1688984746009,-140136,4233
1688984746012,-140136,4233
1688984746015,-140136,4233
1688984746018,-140136,4233
1688984746020,-140136,4233
1688984746023,-140136,4233
1688984746026,-140136,4233
1688984746029,-140136,4233
1688984746033,-140136,4233
1688984746037,-140136,4233
1688984746041,-140136,4233
1688984746044,-140136,4233
1688984746047,-140136,4233
1688984746050,-140136,4233
1688984746053,-140136,4233
1688984746056,-140136,4233
1688984746060,-140136,4233
1688984746063,-140136,4233
1688984746066,-140136,4233
1688984746069,-140136,4233
1688984746072,-140136,4233
1688984746076,-140136,4233
1688984746079,-140136,4233
1688984746082,-140136,4233
1688984746085,-140136,4233
1688984746088,-140136,4233
1688984746092,-140136,4233
1688984746095,-140136,4233
1688984746097,-140136,4233
1688984746100,-140136,4233
1688984746103,-140136,4233
1688984746106,-140136,4233
1688984746109,-140136,4233
1688984746113,-140136,4233
1688984746116,-140136,4233
1688984746120,-140136,4233
1688984746123,-140136,4233
1688984746126,-140136,4233
1688984746129,-140136,4233
1688984746132,-140136,4233
1688984746135,-140136,4233
1688984746138,-140136,4233
1688984746142,-140136,4233
1688984746145,-140136,4233
1688984746148,-140136,4233
1688984746151,-140136,4233
1688984746155,-140136,4233
1688984746158,-140136,4233
1688984746162,-140136,4233
1688984746164,-140136,4233
1688984746167,-140136,4233
1688984746170,-140136,4233
1688984746173,-140136,4233
1688984746176,-140136,4233
1688984746178,-140136,4233
1688984746182,-140136,4233
1688984746185,-140136,4233
1688984746188,-140136,4233
1688984746192,-140136,4233
1688984746195,-140136,4233
1688984746198,-140136,4233
1688984746202,-140136,4233
1688984746205,-140136,4233
1688984746208,-140136,4233
1688984746211,-140136,4233
1688984746214,-140136,4233
1688984746217,-140136,4233
1688984746220,-140136,4233
1688984746223,-140136,4233
1688984746225,-140136,4233
1688984746228,-140136,4233
1688984746231,-140136,4233
1688984746235,-140136,4233
1688984746238,-140136,4233
1688984746242,-140136,4233
1688984746245,-140136,4233
1688984746248,-140136,4233
1688984746251,-140136,4233
1688984746254,-140136,4233
1688984746257,-140136,4233
1688984746260,-140136,4233
1688984746263,-140136,4233
1688984746266,-140136,4233
1688984746269,-140136,4233
1688984746272,-140136,4233
1688984746275,-140136,4233
1688984746278,-140136,4233
1688984746282,-140136,4233
1688984746285,-140136,4233
1688984746287,-140136,4233
1688984746290,-140136,4233
1688984746293,-140136,4233
1688984746296,-140136,4233
1688984746300,-140136,4233
1688984746303,-140136,4233
1688984746306,-140136,4233
1688984746308,-140136,4233
1688984746312,-140136,4233
1688984746316,-140136,4233
1688984746319,-140136,4233
1688984746322,-140136,4233
1688984746325,-140136,4233
1688984746327,-140136,4233
1688984746330,-140136,4233
1688984746339,-140136,4233
1688984746343,-140136,4233
1688984746345,-140136,4233
1688984746348,-140136,4233
1688984746352,-140136,4233
1688984746355,-140136,4233
1688984746358,-140136,4233
1688984746362,-140136,4233
1688984746365,-140136,4233
1688984746368,-140136,4233
1688984746371,-140136,4233
1688984746374,-140136,4233
1688984746377,-140136,4233
1688984746380,-140136,4233
1688984746383,-140136,4233
1688984746385,-140136,4233
1688984746388,-140136,4233
1688984746391,-140136,4233
1688984746395,-140136,4233
1688984746398,-140136,4233
1688984746401,-140136,4233
1688984746404,-140136,4233
1688984746407,-140136,4233
1688984746409,-140136,4233
1688984746412,-140136,4233
1688984746415,-140136,4233
1688984746418,-140136,4233
1688984746421,-140136,4233
1688984746424,-140136,4233
1688984746427,-140136,4233
1688984746431,-140136,4233
1688984746435,-140136,4233
1688984746438,-140136,4233
1688984746443,-140136,4233
1688984746445,-140136,4233
1688984746448,-140136,4233
1688984746452,-140136,4233
1688984746455,-140136,4233
1688984746457,-140136,4233
1688984746460,-140136,4233
1688984746463,-140136,4233
1688984746465,-140136,4233
1688984746468,-140136,4233
1688984746470,-140136,4233
1688984746474,-140136,4233
1688984746478,-140136,4233
1688984746483,-140136,4233
1688984746490,-140136,4233
1688984746494,-140136,4233
1688984746501,-140136,4233
1688984746504,-140136,4233
1688984746506,-140136,4233
1688984746510,-140136,4233
1688984746514,-140136,4233
1688984746517,-140136,4233
1688984746520,-140136,4233
1688984746522,-140136,4233
1688984746524,-140136,4233
1688984746527,-140136,4233
1688984746528,-140136,4233
1688984746531,-140136,4233
1688984746533,-140136,4233
1688984746535,-140136,4233
1688984746537,-140136,4233
1688984746540,-140136,4233
1688984746551,-140136,4233
1688984746555,-140136,4233
1688984746557,-140136,4233
1688984746560,-140136,4233
1688984746563,-140136,4233
1688984746566,-140136,4233
1688984746570,-140136,4233
1688984746573,-140136,4233
1688984746576,-140136,4233
1688984746578,-140136,4233
1688984746581,-140136,4233
1688984746584,-140136,4233
1688984746587,-140136,4233
1688984746591,-140136,4233
1688984746595,-140136,4233
1688984746598,-140136,4233
1688984746601,-140136,4233
1688984746604,-140136,4233
1688984746607,-140136,4233
1688984746610,-140136,4233
1688984746614,-140136,4233
1688984746616,-140136,4233
1688984746619,-140136,4233
1688984746622,-140136,4233
1688984746629,-140136,4233
1688984746632,-140136,4233
1688984746635,-140136,4233
1688984746638,-140136,4233
1688984746641,-140136,4233
1688984746643,-140136,4233
1688984746645,-140136,4233
1688984746647,-140136,4233
1688984746650,-140136,4233
1688984746653,-140136,4233
1688984746655,-140136,4233
1688984746657,-140136,4233
1688984746659,-140136,4233
1688984746662,-140136,4233
1688984746664,-140136,4233
1688984746666,-140136,4233
1688984746668,-140136,4233
1688984746671,-140136,4233
1688984746673,-140136,4233
1688984746676,-140136,4233
1688984746678,-140136,4233
1688984746680,-140136,4233
1688984746682,-140136,4233
1688984746684,-140136,4233
1688984746686,-140136,4233
1688984746688,-140136,4233
1688984746691,-140136,4233
1688984746693,-140136,4233
1688984746695,-140136,4233
1688984746697,-140136,4233
1688984746699,-140136,4233
1688984746701,-140136,4233
1688984746703,-140136,4233
1688984746706,-140136,4233
1688984746708,-140136,4233
1688984746713,-140136,4233
1688984746715,-140136,4233
1688984746717,-140136,4233
1688984746720,-140136,4233
1688984746722,-140136,4233
1688984746724,-140136,4233
1688984746727,-140136,4233
1688984746729,-140136,4233
1688984746731,-140136,4233
1688984746733,-140136,4233
1688984746735,-140136,4233
1688984746737,-140136,4233
1688984746739,-140136,4233
1688984746741,-140136,4233
1688984746743,-140136,4233
1688984746745,-140136,4233
1688984746747,-140136,4233
1688984746750,-140136,4233
1688984746753,-140136,4233
1688984746754,-140136,4233
1688984746757,-140136,4233
1688984746759,-140136,4233
1688984746762,-140136,4233
1688984746764,-140136,4233
1688984746766,-140136,4233
1688984746768,-140136,4233
1688984746770,-140136,4233
1688984746772,-140136,4233
1688984746775,-140136,4233
1688984746777,-140136,4233
1688984746779,-140136,4233
1688984746781,-140136,4233
1688984746783,-140136,4233
1688984746785,-140136,4233
1688984746787,-140136,4233
1688984746790,-140136,4233
1688984746792,-140136,4233
1688984746795,-140136,4233
1688984746797,-140136,4233
1688984746799,-140136,4233
1688984746801,-140136,4233
1688984746803,-140136,4233
1688984746805,-140136,4233
1688984746808,-140136,4233
1688984746810,-140136,4233
1688984746812,-140136,4233
1688984746815,-140136,4233
1688984746817,-140136,4233
1688984746819,-140136,4233
1688984746821,-140136,4233
1688984746823,-140136,4233
1688984746826,-140136,4233
1688984746828,-140136,4233
1688984746831,-140136,4233
1688984746833,-140136,4233
1688984746835,-140136,4233
1688984746837,-140136,4233
1688984746840,-140136,4233
1688984746842,-140136,4233
1688984746844,-140136,4233
1688984746848,-140136,4233
1688984746850,-140136,4233
1688984746852,-140136,4233
1688984746855,-140136,4233
1688984746857,-140136,4233
1688984746859,-140136,4233
1688984746861,-140136,4233
1688984746863,-140136,4233
1688984746865,-140136,4233
1688984746868,-140136,4233
1688984746872,-140136,4233
1688984746876,-140136,4233
1688984746878,-140136,4233
1688984746881,-140136,4233
1688984746884,-140136,4233
1688984746887,-140136,4233
1688984746890,-140136,4233
1688984746892,-140136,4233
1688984746895,-140136,4233
1688984746898,-140136,4233
1688984746901,-140136,4233
1688984746904,-140136,4233
1688984746906,-140136,4233
1688984746911,-140136,4233
1688984746914,-140136,4233
1688984746917,-140136,4233
1688984746920,-140136,4233
1688984746923,-140136,4233
1688984746926,-140136,4233
1688984746928,-140136,4233
1688984746931,-140136,4233
1688984746934,-140136,4233
1688984746937,-140136,4233
1688984746940,-140136,4233
1688984746943,-140136,4233
1688984746946,-140136,4233
1688984746950,-140136,4233
1688984746954,-140136,4233
1688984746956,-140136,4233
1688984746960,-140136,4233
1688984746963,-140136,4233
1688984746966,-140136,4233
1688984746969,-140136,4233
1688984746971,-140136,4233
1688984746974,-140136,4233
1688984746977,-140136,4233
1688984746979,-140136,4233
1688984746982,-140136,4233
1688984746985,-140136,4233
1688984746988,-140136,4233
1688984746992,-140136,4233
1688984746995,-140136,4233
1688984746998,-140136,4233
1688984747002,-140136,4233
1688984747004,-140136,4233
1688984747007,-140136,4233
1688984747009,-140136,4233
1688984747012,-140136,4233
1688984747015,-140136,4233
1688984747017,-140136,4233
1688984747021,-140136,4233
1688984747024,-140136,4233
1688984747026,-140136,4233
1688984747030,-140136,4233
1688984747034,-140136,4233
1688984747036,-140136,4233
1688984747039,-140136,4233
1688984747042,-140136,4233
1688984747045,-140136,4233
1688984747047,-140136,4233
1688984747052,-140136,4233
1688984747054,-140136,4233
1688984747057,-140136,4233
1688984747060,-140136,4233
1688984747063,-140136,4233
1688984747066,-140136,4233
1688984747070,-140136,4233
1688984747074,-140136,4233
1688984747076,-140136,4233
1688984747079,-140136,4233
1688984747081,-140136,4233
1688984747084,-140136,4233
1688984747087,-140136,4233
1688984747090,-140136,4233
1688984747092,-140136,4233
1688984747095,-140136,4233
1688984747098,-140136,4233
1688984747101,-140136,4233
1688984747104,-140136,4233
1688984747108,-140136,4233
1688984747112,-140136,4233
1688984747115,-140136,4233
1688984747118,-140136,4233
1688984747120,-140136,4233
1688984747124,-140136,4233
1688984747126,-140136,4233
1688984747129,-140136,4233
1688984747131,-140136,4233
1688984747134,-140136,4233
1688984747137,-140136,4233
1688984747140,-140136,4233
1688984747143,-140136,4233
1688984747146,-140136,4233
1688984747150,-140136,4233
1688984747153,-140136,4233
1688984747156,-140136,4233
1688984747159,-140136,4233
1688984747162,-140136,4233
1688984747165,-140136,4233
1688984747168,-140136,4233
1688984747171,-140136,4233
1688984747173,-140136,4233
1688984747176,-140136,4233
1688984747179,-140136,4233
1688984747181,-140136,4233
1688984747184,-140136,4233
1688984747187,-140136,4233
1688984747192,-140136,4233
1688984747195,-140136,4233
1688984747198,-140136,4233
1688984747201,-140136,4233
1688984747204,-140136,4233
1688984747207,-140136,4233
1688984747211,-140136,4233
1688984747214,-140136,4233
1688984747216,-140136,4233
1688984747219,-140136,4233
1688984747222,-140136,4233
1688984747224,-140136,4233
1688984747229,-140136,4233
1688984747232,-140136,4233
1688984747235,-140136,4233
1688984747238,-140136,4233
1688984747241,-140136,4233
1688984747243,-140136,4233
1688984747246,-140136,4233
1688984747250,-140136,4233
1688984747253,-140136,4233
1688984747256,-140136,4233
1688984747258,-140136,4233
1688984747262,-140136,4233
1688984747265,-140136,4233
1688984747268,-140136,4233
1688984747271,-140136,4233
1688984747274,-140136,4233
1688984747277,-140136,4233
1688984747280,-140136,4233
1688984747283,-140136,4233
1688984747286,-140136,4233
1688984747288,-140136,4233
1688984747292,-140136,4233
1688984747295,-140136,4233
1688984747297,-140136,4233
1688984747301,-140136,4233
1688984747304,-140136,4233
1688984747308,-140136,4233
1688984747311,-140136,4233
1688984747314,-140136,4233
1688984747317,-140136,4233
1688984747321,-140136,4233
1688984747324,-140136,4233
1688984747327,-140136,4233
1688984747330,-140136,4233
1688984747333,-140136,4233
1688984747335,-140136,4233
1688984747338,-140136,4233
1688984747342,-140136,4233
1688984747344,-140136,4233
1688984747348,-140136,4233
1688984747353,-140136,4233
1688984747355,-140136,4233
1688984747358,-140136,4233
1688984747362,-140136,4233
1688984747364,-140136,4233
1688984747367,-140136,4233
1688984747370,-140136,4233
1688984747372,-140136,4233
1688984747375,-140136,4233
1688984747377,-140136,4233
1688984747381,-140136,4233
1688984747383,-140136,4233
1688984747387,-140136,4233
1688984747390,-140136,4233
1688984747393,-140136,4233
1688984747396,-140136,4233
1688984747398,-140136,4233
1688984747401,-140136,4233
1688984747404,-140136,4233
1688984747407,-140136,4233
1688984747410,-140136,4233
1688984747413,-140136,4233
1688984747415,-140136,4233
1688984747418,-135742,4233
1688984747421,-135742,4233
1688984747424,-135742,4233
1688984747427,-135742,4233
1688984747431,-135742,4233
1688984747433,-135742,4233
1688984747436,-135742,4233
1688984747439,-135742,4233
1688984747441,-135742,4233
1688984747444,-135742,4233
1688984747456,-135742,4233
1688984747461,-135742,4233
1688984747463,-135742,4233
1688984747466,-135742,4233
1688984747471,-135742,4233
1688984747474,-135742,4233
1688984747477,-135742,4233
1688984747482,-135742,4233
1688984747484,-135742,4233
1688984747487,-135742,4233
1688984747493,-135742,4233
1688984747497,-135742,4233
1688984747499,-135742,4233
1688984747501,-135742,4233
1688984747502,-135742,4233
1688984747505,-135742,4233
1688984747514,-135742,4233
1688984747517,-135742,4233
1688984747520,-135742,4233
1688984747528,-135742,4233
1688984747530,-135742,4233
1688984747532,-135742,4233
1688984747533,-135742,4233
1688984747535,-135742,4233
1688984747537,-135742,4233
1688984747538,-135742,4233
1688984747540,-135742,4233
1688984747542,-135742,4233
1688984747545,-135742,4233
1688984747548,-135742,4233
1688984747554,-135742,4233
1688984747558,-135742,4233
1688984747563,-135742,4233
1688984747566,-135742,4233
1688984747569,-135742,4233
1688984747573,-135742,4233
1688984747576,-135742,4233
1688984747579,-135742,4233
1688984747582,-135742,4233
1688984747585,-135742,4233
1688984747589,-135742,4233
1688984747591,-135742,4233
1688984747594,-135742,4233
1688984747597,-135742,4233
1688984747600,-135742,4233
1688984747602,-135742,4233
1688984747605,-135742,4233
1688984747607,-135742,4233
1688984747610,-135742,4233
1688984747613,-135742,4233
1688984747615,-135742,4233
1688984747617,-135742,4233
1688984747618,-135742,4233
1688984747622,-135742,4233
1688984747625,-135742,4233
1688984747629,-135742,4233
1688984747632,-135742,4233
1688984747636,-135742,4233
1688984747638,-135742,4233
1688984747642,-135742,4233
1688984747644,-135742,4233
1688984747647,-135742,4233
1688984747650,-135742,4233
1688984747653,-135742,4233
1688984747656,-135742,4233
1688984747659,-135742,4233
1688984747662,-135742,4233
1688984747665,-135742,4233
1688984747668,-135742,4233
1688984747671,-135742,4233
1688984747674,-135742,4233
1688984747676,-135742,4233
1688984747680,-135742,4233
1688984747684,-135742,4233
1688984747686,-135742,4233
1688984747689,-135742,4233
1688984747692,-135742,4233
1688984747695,-135742,4233
1688984747698,-135742,4233
1688984747701,-135742,4233
1688984747704,-135742,4233
1688984747707,-135742,4233
1688984747711,-135742,4233
1688984747714,-135742,4233
1688984747717,-135742,4233
1688984747720,-135742,4233
1688984747723,-135742,4233
1688984747726,-135742,4233
1688984747728,-135742,4233
1688984747731,-135742,4233
1688984747734,-135742,4233
1688984747737,-135742,4233
1688984747740,-135742,4233
1688984747745,-135742,4233
1688984747748,-135742,4233
1688984747752,-135742,4233
1688984747754,-135742,4233
1688984747757,-135742,4233
1688984747760,-135742,4233
1688984747763,-135742,4233
1688984747766,-135742,4233
1688984747769,-135742,4233
1688984747772,-135742,4233
1688984747775,-135742,4233
1688984747778,-135742,4233
1688984747781,-135742,4233
1688984747785,-135742,4233
1688984747788,-135742,4233
1688984747792,-135742,4233
1688984747795,-135742,4233
1688984747798,-135742,4233
1688984747801,-135742,4233
1688984747804,-135742,4233
1688984747807,-135742,4233
1688984747810,-135742,4233
1688984747813,-135742,4233
1688984747816,-135742,4233
1688984747818,-135742,4233
1688984747823,-135742,4233
1688984747826,-135742,4233
1688984747831,-135742,4233
1688984747834,-135742,4233
1688984747837,-135742,4233
1688984747841,-135742,4233
1688984747843,-135742,4233
1688984747846,-135742,4233
1688984747848,-135742,4233
1688984747851,-135742,4233
1688984747853,-135742,4233
1688984747855,-135742,4233
1688984747858,-135742,4233
1688984747861,-135742,4233
1688984747866,-135742,4233
1688984747869,-135742,4233
1688984747871,-135742,4233
1688984747873,-135742,4233
1688984747876,-135742,4233
1688984747878,-135742,4233
1688984747881,-135742,4233
1688984747883,-135742,4233
1688984747885,-135742,4233
1688984747887,-135742,4233
1688984747891,-135742,4233
1688984747893,-135742,4233
1688984747895,-135742,4233
1688984747897,-135742,4233
1688984747900,-135742,4233
1688984747902,-135742,4233
1688984747905,-135742,4233
1688984747907,-135742,4233
1688984747909,-135742,4233
1688984747911,-135742,4233
1688984747914,-135742,4233
1688984747916,-135742,4233
1688984747918,-135742,4233
1688984747921,-135742,4233
1688984747923,-135742,4233
1688984747925,-135742,4233
1688984747927,-135742,4233
1688984747929,-135742,4233
1688984747931,-135742,4233
1688984747933,-135742,4233
1688984747935,-135742,4233
1688984747937,-135742,4233
1688984747939,-135742,4233
1688984747941,-135742,4233
1688984747943,-135742,4233
1688984747945,-135742,4233
1688984747948,-135742,4233
1688984747951,-135742,4233
1688984747953,-135742,4233
1688984747955,-135742,4233
1688984747957,-135742,4233
1688984747959,-135742,4233
1688984747962,-135742,4233
1688984747965,-135742,4233
1688984747967,-135742,4233
1688984747969,-135742,4233
1688984747971,-135742,4233
1688984747973,-135742,4233
1688984747975,-135742,4233
1688984747978,-135742,4233
1688984747981,-135742,4233
1688984747983,-135742,4233
1688984747985,-135742,4233
1688984747987,-135742,4233
1688984747990,-135742,4233
1688984747992,-135742,4233
1688984747994,-135742,4233
1688984747996,-135742,4233
1688984747998,-135742,4233
1688984748001,-135742,4233
1688984748003,-135742,4233
1688984748005,-135742,4233
1688984748007,-135742,4233
1688984748010,-135742,4233
1688984748012,-135742,4233
1688984748015,-135742,4233
1688984748017,-135742,4233
1688984748019,-135742,4233
1688984748021,-135742,4233
1688984748024,-135742,4233
1688984748026,-135742,4233
1688984748028,-135742,4233
1688984748030,-135742,4233
1688984748032,-135742,4233
1688984748034,-135742,4233
1688984748037,-135742,4233
1688984748038,-135742,4233
1688984748041,-135742,4233
1688984748043,-135742,4233
1688984748045,-135742,4233
1688984748047,-135742,4233
1688984748050,-135742,4233
1688984748052,-135742,4233
1688984748054,-135742,4233
1688984748057,-135742,4233
1688984748059,-135742,4233
1688984748062,-135742,4233
1688984748064,-135742,4233
1688984748066,-135742,4233
1688984748068,-135742,4233
1688984748072,-135742,4233
1688984748074,-135742,4233
1688984748076,-135742,4233
1688984748078,-135742,4233
1688984748081,-135742,4233
1688984748083,-135742,4233
1688984748085,-135742,4233
1688984748088,-135742,4233
1688984748090,-135742,4233
1688984748092,-135742,4233
1688984748095,-135742,4233
1688984748097,-135742,4233
1688984748102,-135742,4233
1688984748105,-135742,4233
1688984748108,-135742,4233
1688984748111,-135742,4233
1688984748114,-135742,4233
1688984748117,-135742,4233
1688984748120,-135742,4233
1688984748124,-135742,4233
1688984748127,-135742,4233
1688984748131,-135742,4233
1688984748134,-135742,4233
1688984748137,-135742,4233
1688984748140,-135742,4233
1688984748144,-135742,4233
1688984748147,-135742,4233
1688984748150,-135742,4233
1688984748153,-135742,4233
1688984748156,-135742,4233
1688984748158,-135742,4233
1688984748161,-135742,4233
1688984748164,-135742,4233
1688984748167,-135742,4233
1688984748170,-135742,4233
1688984748173,-135742,4233
1688984748176,-135742,4233
1688984748178,-135742,4233
1688984748182,-135742,4233
1688984748186,-135742,4233
1688984748189,-135742,4233
1688984748193,-135742,4233
1688984748196,-135742,4233
1688984748198,-135742,4233
1688984748201,-135742,4233
1688984748204,-135742,4233
1688984748207,-135742,4233
1688984748209,-135742,4233
1688984748212,-135742,4233
1688984748215,-135742,4233
1688984748217,-135742,4233
1688984748222,-135742,4233
1688984748226,-135742,4233
1688984748229,-135742,4233
1688984748232,-135742,4233
1688984748234,-135742,4233
1688984748237,-135742,4233
1688984748241,-135742,4233
1688984748244,-135742,4233
1688984748247,-135742,4233
1688984748250,-135742,4233
1688984748253,-135742,4233
1688984748256,-135742,4233
1688984748258,-135742,4233
1688984748262,-135742,4233
1688984748266,-135742,4233
1688984748269,-135742,4233
1688984748272,-135742,4233
1688984748275,-135742,4233
1688984748278,-135742,4233
1688984748281,-135742,4233
1688984748284,-135742,4233
1688984748287,-135742,4233
1688984748290,-135742,4233
1688984748293,-135742,4233
1688984748296,-135742,4233
1688984748299,-135742,4233
1688984748303,-135742,4233
1688984748306,-135742,4233
1688984748309,-135742,4233
1688984748312,-135742,4233
1688984748315,-135742,4233
1688984748318,-135742,4233
1688984748321,-135742,4233
1688984748324,-135742,4233
1688984748327,-135742,4233
1688984748330,-135742,4233
1688984748333,-135742,4233
1688984748342,-135742,4233
1688984748346,-135742,4233
1688984748350,-135742,4233
1688984748353,-135742,4233
1688984748356,-135742,4233
1688984748359,-135742,4233
1688984748362,-135742,4233
1688984748365,-135742,4233
1688984748368,-135742,4233
1688984748371,-135742,4233
1688984748375,-135742,4233
1688984748379,-135742,4233
1688984748384,-135742,4233
1688984748387,-135742,4233
1688984748390,-135742,4233
1688984748393,-135742,4233
1688984748396,-135742,4233
1688984748400,-135742,4233
1688984748403,-135742,4233
1688984748406,-135742,4233
1688984748409,-135742,4233
1688984748412,-135742,4233
1688984748415,-135742,4233
1688984748418,-135742,4233
1688984748421,-135742,4233
1688984748425,-135742,4233
1688984748428,-135742,4233
1688984748431,-135742,4233
1688984748435,-135742,4233
1688984748438,-135742,4233
1688984748441,-135742,4233
1688984748444,-135742,4233
1688984748447,-135742,4233
1688984748450,-135742,4233
1688984748453,-135742,4233
1688984748456,-135742,4233
1688984748460,-135742,4233
1688984748464,-135742,4233
1688984748467,-135742,4233
1688984748470,-135742,4233
1688984748473,-135742,4233
1688984748476,-135742,4233
1688984748478,-135742,4233
1688984748481,-135742,4233
1688984748484,-135742,4233
1688984748486,-135742,4233
1688984748489,-135742,4233
1688984748492,-135742,4233
1688984748495,-135742,4233
1688984748498,-135742,4233
1688984748503,-135742,4233
1688984748506,-135742,4233
1688984748510,-135742,4233
1688984748513,-135742,4233
1688984748516,-135742,4233
1688984748518,-135742,4233
1688984748522,-135742,4233
1688984748525,-135742,4233
1688984748528,-135742,4233
1688984748531,-135742,4233
1688984748534,-135742,4233
1688984748541,-135742,4233
1688984748546,-135742,4233
1688984748550,-135742,4233
1688984748562,-135742,4233
1688984748565,-135742,4233
1688984748568,-135742,4233
1688984748572,-135742,4233
1688984748574,-135742,4233
1688984748576,-135742,4233
1688984748578,-135742,4233
1688984748580,-135742,4233
1688984748582,-135742,4233
1688984748585,-135742,4233
1688984748587,-135742,4233
1688984748589,-135742,4233
1688984748591,-135742,4233
1688984748595,-135742,4233
1688984748597,-135742,4233
1688984748599,-135742,4233
1688984748602,-135742,4233
1688984748605,-135742,4233
1688984748606,-135742,4233
1688984748608,-135742,4233
1688984748611,-135742,4233
1688984748613,-135742,4233
1688984748614,-135742,4233
1688984748616,-135742,4233
1688984748618,-135742,4233
1688984748622,-135742,4233
1688984748625,-135742,4233
1688984748628,-135742,4233
1688984748631,-135742,4233
1688984748634,-135742,4233
1688984748637,-135742,4233
1688984748641,-135742,4233
1688984748645,-135742,4233
1688984748648,-135742,4233
1688984748651,-135742,4233
1688984748654,-135742,4233
1688984748657,-135742,4233
1688984748662,-135742,4233
1688984748665,-135742,4233
1688984748668,-135742,4233
1688984748673,-135742,4233
1688984748676,-135742,4233
1688984748678,-135742,4233
1688984748681,-135742,4233
1688984748683,-135742,4233
1688984748686,-135742,4233
1688984748688,-135742,4233
1688984748692,-135742,4233
1688984748694,-135742,4233
1688984748697,-135742,4233
1688984748701,-135742,4233
1688984748705,-135742,4233
1688984748708,-135742,4233
1688984748711,-135742,4233
1688984748714,-135742,4233
1688984748717,-135742,4233
1688984748720,-135742,4233
1688984748723,-135742,4233
1688984748726,-135742,4233
1688984748728,-135742,4233
1688984748731,-135742,4233
1688984748734,-135742,4233
1688984748737,-135742,4233
1688984748741,-135742,4233
1688984748744,-135742,4233
1688984748747,-135742,4233
1688984748750,-135742,4233
1688984748754,-135742,4233
1688984748756,-135742,4233
1688984748759,-135742,4233
1688984748761,-135742,4233
1688984748764,-135742,4233
1688984748767,-135742,4233
1688984748770,-135742,4233
1688984748773,-135742,4233
1688984748776,-135742,4233
1688984748781,-135742,4233
1688984748784,-135742,4233
1688984748787,-135742,4233
1688984748791,-135742,4233
1688984748794,-135742,4233
1688984748796,-135742,4233
1688984748799,-135742,4233
1688984748803,-135742,4233
1688984748805,-135742,4233
1688984748808,-135742,4233
1688984748812,-135742,4233
1688984748814,-135742,4233
1688984748817,-135742,4233
1688984748822,-135742,4233
1688984748825,-135742,4233
1688984748827,-135742,4233
1688984748830,-135742,4233
1688984748833,-135742,4233
1688984748836,-135742,4233
1688984748838,-135742,4233
1688984748842,-135742,4233
1688984748844,-135742,4233
1688984748847,-135742,4233
1688984748850,-135742,4233
1688984748853,-135742,4233
1688984748855,-135742,4233
1688984748859,-135742,4233
1688984748862,-135742,4233
1688984748866,-135742,4233
1688984748868,-135742,4233
1688984748871,-135742,4233
1688984748873,-135742,4233
1688984748876,-135742,4233
1688984748879,-135742,4233
1688984748882,-135742,4233
1688984748884,-135742,4233
1688984748887,-135742,4233
1688984748890,-142578,4233
1688984748893,-142578,4233
1688984748895,-142578,4233
1688984748899,-142578,4233
1688984748902,-142578,4233
1688984748904,-142578,4233
1688984748907,-142578,4233
1688984748911,-142578,4233
1688984748914,-142578,4233
1688984748917,-142578,4233
1688984748921,-142578,4233
1688984748924,-142578,4233
1688984748926,-142578,4233
1688984748929,-142578,4233
1688984748932,-142578,4233
1688984748935,-142578,4233
1688984748938,-142578,4233
1688984748942,-142578,4233
1688984748944,-142578,4233
1688984748947,-142578,4233
1688984748950,-142578,4233
1688984748953,-142578,4233
1688984748956,-142578,4233
1688984748958,-142578,4233
1688984748961,-142578,4233
1688984748964,-142578,4233
1688984748967,-142578,4233
1688984748970,-142578,4233
1688984748973,-142578,4233
1688984748976,-142578,4233
1688984748978,-142578,4233
1688984748981,-142578,4233
1688984748983,-142578,4233
1688984748985,-142578,4233
1688984748988,-142578,4233
1688984748990,-142578,4233
1688984748993,-142578,4233
1688984748996,-142578,4233
1688984748998,-142578,4233
1688984749001,-142578,4233
1688984749003,-142578,4233
1688984749005,-142578,4233
1688984749006,-142578,4233
1688984749008,-142578,4233
1688984749010,-142578,4233
1688984749012,-142578,4233
1688984749015,-142578,4233
1688984749017,-142578,4233
1688984749019,-142578,4233
1688984749022,-142578,4233
1688984749024,-142578,4233
1688984749026,-142578,4233
1688984749028,-142578,4233
1688984749031,-142578,4233
1688984749033,-142578,4233
1688984749035,-142578,4233
1688984749037,-142578,4233
1688984749039,-142578,4233
1688984749042,-142578,4233
1688984749044,-142578,4233
1688984749046,-142578,4233
1688984749048,-142578,4233
1688984749050,-142578,4233
1688984749053,-142578,4233
1688984749055,-142578,4233
1688984749057,-142578,4233
1688984749060,-142578,4233
1688984749063,-142578,4233
1688984749065,-142578,4233
1688984749067,-142578,4233
1688984749070,-142578,4233
1688984749072,-142578,4233
1688984749074,-142578,4233
1688984749076,-142578,4233
1688984749079,-142578,4233
1688984749082,-142578,4233
1688984749084,-142578,4233
1688984749086,-142578,4233
1688984749088,-142578,4233
1688984749090,-142578,4233
1688984749093,-142578,4233
1688984749095,-142578,4233
1688984749098,-142578,4233
1688984749100,-142578,4233
1688984749102,-142578,4233
1688984749105,-142578,4233
1688984749107,-142578,4233
1688984749109,-142578,4233
1688984749111,-142578,4233
1688984749113,-142578,4233
1688984749115,-142578,4233
1688984749117,-142578,4233
1688984749119,-142578,4233
1688984749121,-142578,4233
1688984749123,-142578,4233
1688984749125,-142578,4233
1688984749128,-142578,4233
1688984749130,-142578,4233
1688984749133,-142578,4233
1688984749135,-142578,4233
1688984749137,-142578,4233
1688984749140,-142578,4233
1688984749142,-142578,4233
1688984749144,-142578,4233
1688984749146,-142578,4233
1688984749148,-142578,4233
1688984749151,-142578,4233
1688984749153,-142578,4233
1688984749155,-142578,4233
1688984749157,-142578,4233
1688984749159,-142578,4233
1688984749162,-142578,4233
1688984749164,-142578,4233
1688984749166,-142578,4233
1688984749168,-142578,4233
1688984749171,-142578,4233
1688984749173,-142578,4233
1688984749175,-142578,4233
1688984749177,-142578,4233
1688984749181,-142578,4233
1688984749183,-142578,4233
1688984749185,-142578,4233
1688984749187,-142578,4233
1688984749189,-142578,4233
1688984749192,-142578,4233
1688984749194,-142578,4233
1688984749196,-142578,4233
1688984749198,-142578,4233
1688984749201,-142578,4233
1688984749204,-142578,4233
1688984749206,-142578,4233
1688984749208,-142578,4233
1688984749210,-142578,4233
1688984749213,-142578,4233
1688984749215,-142578,4233
1688984749218,-142578,4233
1688984749220,-142578,4233
1688984749222,-142578,4233
1688984749225,-142578,4233
1688984749226,-142578,4233
1688984749231,-142578,4233
1688984749233,-142578,4233
1688984749236,-142578,4233
1688984749239,-142578,4233
1688984749242,-142578,4233
1688984749245,-142578,4233
1688984749247,-142578,4233
1688984749250,-142578,4233
1688984749254,-142578,4233
1688984749257,-142578,4233
1688984749260,-142578,4233
1688984749263,-142578,4233
1688984749266,-142578,4233
1688984749268,-142578,4233
1688984749271,-142578,4233
1688984749274,-142578,4233
1688984749276,-142578,4233
1688984749280,-142578,4233
1688984749282,-142578,4233
1688984749285,-142578,4233
1688984749288,-142578,4233
1688984749291,-142578,4233
1688984749294,-142578,4233
1688984749297,-142578,4233
1688984749302,-142578,4233
1688984749305,-142578,4233
1688984749308,-142578,4233
1688984749311,-142578,4233
1688984749314,-142578,4233
1688984749317,-142578,4233
1688984749320,-142578,4233
1688984749323,-142578,4233
1688984749325,-142578,4233
1688984749328,-142578,4233
1688984749331,-142578,4233
1688984749335,-142578,4233
1688984749338,-142578,4233
1688984749341,-142578,4233
1688984749344,-142578,4233
1688984749346,-142578,4233
1688984749349,-142578,4233
1688984749352,-142578,4233
1688984749355,-142578,4233
1688984749358,-142578,4233
1688984749361,-142578,4233
1688984749365,-142578,4233
1688984749367,-142578,4233
1688984749370,-142578,4233
1688984749374,-142578,4233
1688984749377,-142578,4233
1688984749380,-142578,4233
1688984749383,-142578,4233
1688984749386,-142578,4233
1688984749389,-142578,4233
1688984749391,-142578,4233
1688984749394,-142578,4233
1688984749397,-142578,4233
1688984749400,-142578,4233
1688984749403,-142578,4233
1688984749406,-142578,4233
1688984749408,-142578,4233
1688984749411,-142578,4233
1688984749414,-142578,4233
1688984749417,-142578,4233
1688984749421,-142578,4233
1688984749424,-142578,4233
1688984749426,-142578,4233
1688984749430,-142578,4233
1688984749432,-142578,4233
1688984749435,-142578,4233
1688984749438,-142578,4233
1688984749441,-142578,4233
1688984749444,-142578,4233
1688984749446,-142578,4233
1688984749449,-142578,4233
1688984749452,-142578,4233
1688984749455,-142578,4233
1688984749459,-142578,4233
1688984749462,-142578,4233
1688984749464,-142578,4233
1688984749467,-142578,4233
1688984749470,-142578,4233
1688984749473,-142578,4233
1688984749476,-142578,4233
1688984749479,-142578,4233
1688984749482,-142578,4233
1688984749485,-142578,4233
1688984749488,-142578,4233
1688984749491,-142578,4233
1688984749494,-142578,4233
1688984749497,-142578,4233
1688984749501,-142578,4233
1688984749504,-142578,4233
1688984749506,-142578,4233
1688984749509,-142578,4233
1688984749512,-142578,4233
1688984749514,-142578,4233
1688984749517,-142578,4233
1688984749520,-142578,4233
1688984749524,-142578,4233
1688984749527,-142578,4233
1688984749530,-142578,4233
1688984749533,-142578,4233
1688984749536,-142578,4233
1688984749538,-142578,4233
1688984749541,-142578,4233
1688984749543,-142578,4233
1688984749544,-142578,4233
1688984749545,-142578,4233
1688984749547,-142578,4233
1688984749548,-142578,4233
1688984749550,-142578,4233
1688984749551,-142578,4233
1688984749553,-142578,4233
1688984749554,-142578,4233
1688984749556,-142578,4233
1688984749560,-142578,4233
1688984749563,-142578,4233
1688984749564,-142578,4233
1688984749566,-142578,4233
1688984749567,-142578,4233
1688984749569,-142578,4233
1688984749571,-142578,4233
1688984749573,-142578,4233
1688984749574,-142578,4233
1688984749576,-142578,4233
1688984749577,-142578,4233
1688984749580,-142578,4233
1688984749582,-142578,4233
1688984749583,-142578,4233
1688984749585,-142578,4233
1688984749587,-142578,4233
1688984749589,-142578,4233
1688984749591,-142578,4233
1688984749593,-142578,4233
1688984749595,-142578,4233
1688984749597,-142578,4233
1688984749598,-142578,4233
1688984749601,-142578,4233
1688984749603,-142578,4233
1688984749605,-142578,4233
1688984749606,-142578,4233
1688984749608,-142578,4233
1688984749611,-142578,4233
1688984749613,-142578,4233
1688984749615,-142578,4233
1688984749616,-142578,4233
1688984749618,-142578,4233
1688984749622,-142578,4233
1688984749625,-142578,4233
1688984749628,-142578,4233
1688984749631,-142578,4233
1688984749634,-142578,4233
1688984749636,-142578,4233
1688984749640,-142578,4233
1688984749643,-142578,4233
1688984749646,-142578,4233
1688984749648,-142578,4233
1688984749651,-142578,4233
1688984749654,-142578,4233
1688984749657,-142578,4233
1688984749660,-142578,4233
1688984749663,-142578,4233
1688984749665,-142578,4233
1688984749667,-142578,4233
1688984749671,-142578,4233
1688984749673,-142578,4233
1688984749676,-142578,4233
1688984749678,-142578,4233
1688984749681,-142578,4233
1688984749684,-142578,4233
1688984749686,-142578,4233
1688984749688,-142578,4233
1688984749693,-142578,4233
1688984749696,-142578,4233
1688984749700,-142578,4233
1688984749703,-142578,4233
1688984749705,-142578,4233
1688984749708,-142578,4233
1688984749710,-142578,4233
1688984749713,-142578,4233
1688984749716,-142578,4233
1688984749720,-142578,4233
1688984749722,-142578,4233
1688984749725,-142578,4233
1688984749728,-142578,4233
1688984749731,-142578,4233
1688984749734,-142578,4233
1688984749737,-142578,4233
1688984749740,-142578,4233
1688984749742,-142578,4233
1688984749744,-142578,4233
1688984749746,-142578,4233
1688984749750,-142578,4233
1688984749752,-142578,4233
1688984749755,-142578,4233
1688984749757,-142578,4233
1688984749760,-142578,4233
1688984749763,-142578,4233
1688984749766,-142578,4233
1688984749768,-142578,4233
1688984749772,-142578,4233
1688984749775,-142578,4233
1688984749777,-142578,4233
1688984749782,-142578,4233
1688984749785,-142578,4233
1688984749787,-142578,4233
1688984749791,-142578,4233
1688984749794,-142578,4233
1688984749797,-142578,4233
1688984749799,-142578,4233
1688984749803,-142578,4233
1688984749805,-142578,4233
1688984749808,-142578,4233
1688984749814,-142578,4233
1688984749818,-142578,4233
1688984749821,-142578,4233
1688984749824,-142578,4233
1688984749826,-142578,4233
1688984749830,-142578,4233
1688984749833,-142578,4233
1688984749835,-142578,4233
1688984749838,-142578,4233
1688984749842,-142578,4233
1688984749845,-142578,4233
1688984749848,-142578,4233
1688984749852,-142578,4233
1688984749855,-142578,4233
1688984749858,-142578,4233
1688984749861,-142578,4233
1688984749864,-142578,4233
1688984749866,-142578,4233
1688984749870,-142578,4233
1688984749873,-142578,4233
1688984749876,-142578,4233
1688984749880,-142578,4233
1688984749883,-142578,4233
1688984749886,-142578,4233
1688984749889,-142578,4233
1688984749894,-142578,4233
1688984749897,-142578,4233
1688984749901,-142578,4233
1688984749904,-142578,4233
1688984749906,-142578,4233
1688984749909,-142578,4233
1688984749912,-142578,4233
1688984749915,-142578,4233
1688984749918,-142578,4233
1688984749921,-142578,4233
1688984749924,-142578,4233
1688984749927,-142578,4233
1688984749931,-142578,4233
1688984749934,-142578,4233
1688984749937,-142578,4233
1688984749941,-142578,4233
1688984749944,-142578,4233
1688984749947,-142578,4233
1688984749950,-142578,4233
1688984749953,-142578,4233
1688984749956,-142578,4233
1688984749958,-142578,4233
1688984749962,-142578,4233
1688984749964,-142578,4233
1688984749967,-142578,4233
1688984749970,-142578,4233
1688984749974,-142578,4233
1688984749977,-142578,4233
1688984749981,-142578,4233
1688984749984,-142578,4233
1688984749987,-142578,4233
1688984749990,-142578,4233
1688984749993,-142578,4233
1688984749996,-142578,4233
1688984749998,-142578,4233
1688984750001,-142578,4233
1688984750004,-142578,4233
1688984750007,-142578,4233
1688984750010,-142578,4233
1688984750014,-142578,4233
1688984750017,-142578,4233
1688984750021,-142578,4233
1688984750024,-142578,4233
1688984750027,-142578,4233
1688984750030,-142578,4233
1688984750033,-142578,4233
1688984750036,-142578,4233
1688984750038,-142578,4233
1688984750041,-142578,4233
1688984750044,-142578,4233
1688984750046,-142578,4233
1688984750049,-142578,4233
1688984750053,-142578,4233
1688984750056,-142578,4233
1688984750060,-142578,4233
1688984750062,-142578,4233
1688984750065,-142578,4233
1688984750068,-142578,4233
1688984750071,-142578,4233
1688984750074,-142578,4233
1688984750076,-142578,4233
1688984750079,-142578,4233
1688984750083,-142578,4233
1688984750086,-142578,4233
1688984750088,-142578,4233
1688984750093,-142578,4233
1688984750096,-142578,4233
1688984750099,-142578,4233
1688984750102,-142578,4233
1688984750104,-142578,4233
1688984750106,-142578,4233
1688984750109,-142578,4233
1688984750112,-142578,4233
1688984750115,-142578,4233
1688984750117,-142578,4233
1688984750120,-142578,4233
1688984750122,-142578,4233
1688984750124,-142578,4233
1688984750126,-142578,4233
1688984750129,-142578,4233
1688984750132,-142578,4233
1688984750134,-142578,4233
1688984750137,-142578,4233
1688984750139,-142578,4233
1688984750141,-142578,4233
1688984750144,-142578,4233
1688984750146,-142578,4233
1688984750148,-142578,4233
1688984750150,-142578,4233
1688984750152,-142578,4233
1688984750155,-142578,4233
1688984750157,-142578,4233
1688984750159,-142578,4233
1688984750162,-142578,4233
1688984750164,-142578,4233
1688984750166,-142578,4233
1688984750168,-142578,4233
1688984750171,-142578,4233
1688984750174,-142578,4233
1688984750177,-142578,4233
1688984750179,-142578,4233
1688984750182,-142578,4233
1688984750184,-142578,4233
1688984750186,-142578,4233
1688984750188,-142578,4233
1688984750191,-142578,4233
1688984750193,-142578,4233
1688984750195,-142578,4233
1688984750198,-142578,4233
1688984750201,-142578,4233
1688984750204,-142578,4233
1688984750206,-142578,4233
1688984750208,-142578,4233
1688984750210,-142578,4233
1688984750213,-142578,4233
1688984750215,-142578,4233
1688984750217,-142578,4233
1688984750219,-142578,4233
1688984750222,-142578,4233
1688984750224,-142578,4233
1688984750226,-142578,4233
1688984750228,-142578,4233
1688984750230,-142578,4233
1688984750232,-142578,4233
1688984750234,-142578,4233
1688984750236,-142578,4233
1688984750238,-142578,4233
1688984750241,-142578,4233
1688984750243,-142578,4233
1688984750245,-142578,4233
1688984750248,-142578,4233
1688984750251,-142578,4233
1688984750253,-142578,4233
1688984750255,-142578,4233
1688984750257,-142578,4233
1688984750260,-142578,4233
1688984750262,-142578,4233
1688984750264,-142578,4233
1688984750266,-142578,4233
1688984750269,-142578,4233
1688984750271,-142578,4233
1688984750273,-142578,4233
1688984750275,-142578,4233
1688984750278,-142578,4233
1688984750280,-142578,4233
1688984750282,-142578,4233
1688984750285,-142578,4233
1688984750287,-142578,4233
1688984750290,-142578,4233
1688984750292,-142578,4233
1688984750295,-142578,4233
1688984750297,-142578,4233
1688984750308,-142578,4233
1688984750310,-142578,4233
1688984750313,-142578,4233
1688984750315,-142578,4233
1688984750317,-142578,4233
1688984750321,-142578,4233
1688984750323,-142578,4233
1688984750325,-142578,4233
1688984750327,-142578,4233
1688984750330,-142578,4233
1688984750333,-142578,4233
1688984750335,-142578,4233
1688984750337,-142578,4233
1688984750338,-142578,4233
1688984750342,-142578,4233
1688984750344,-142578,4233
1688984750346,-142578,4233
1688984750350,-142578,4233
1688984750353,-142578,4233
1688984750356,-142578,4233
1688984750358,-208495,4233
1688984750361,-208495,4233
1688984750364,-208495,4233
1688984750367,-208495,4233
1688984750370,-208495,4233
1688984750374,-208495,4233
1688984750376,-208495,4233
1688984750380,-208495,4233
1688984750383,-208495,4233
1688984750386,-208495,4233
1688984750389,-208495,4233
1688984750392,-208495,4233
1688984750395,-208495,4233
1688984750397,-208495,4233
1688984750400,-208495,4233
1688984750402,-208495,4233
1688984750405,-208495,4233
1688984750407,-208495,4233
1688984750411,-208495,4233
1688984750415,-208495,4233
1688984750418,-208495,4233
1688984750422,-208495,4233
1688984750425,-208495,4233
1688984750427,-208495,4233
1688984750431,-208495,4233
1688984750434,-208495,4233
1688984750437,-208495,4233
1688984750441,-208495,4233
1688984750444,-208495,4233
1688984750447,-208495,4233
1688984750452,-208495,4233
1688984750455,-208495,4233
1688984750458,-208495,4233
1688984750461,-208495,4233
1688984750464,-208495,4233
1688984750467,-208495,4233
1688984750470,-208495,4233
1688984750473,-208495,4233
1688984750476,-208495,4233
1688984750478,-208495,4233
1688984750481,-208495,4233
1688984750485,-208495,4233
1688984750491,-208495,4233
1688984750495,-208495,4233
1688984750498,-208495,4233
1688984750502,-208495,4233
1688984750505,-208495,4233
1688984750508,-208495,4233
1688984750512,-208495,4233
1688984750515,-208495,4233
1688984750518,-208495,4233
1688984750522,-208495,4233
1688984750525,-208495,4233
1688984750527,-208495,4233
1688984750529,-208495,4233
1688984750535,-208495,4233
1688984750538,-208495,4233
1688984750544,-208495,4233
1688984750548,-208495,4233
1688984750551,-208495,4233
1688984750553,-208495,4233
1688984750558,-208495,4233
1688984750560,-208495,4233
1688984750565,-208495,4233
1688984750567,-208495,4233
1688984750568,-208495,4233
1688984750663,-208495,4233
1688984750666,-208495,4233
1688984750669,-208495,4233
1688984750671,-208495,4233
1688984750674,-208495,4233
1688984750676,-208495,4233
1688984750678,-208495,4233
1688984750680,-208495,4233
1688984750682,-208495,4233
1688984750684,-208495,4233
1688984750685,-208495,4233
1688984750687,-208495,4233
1688984750688,-208495,4233
1688984750690,-208495,4233
1688984750691,-208495,4233
1688984750693,-208495,4233
1688984750695,-208495,4233
1688984750697,-208495,4233
1688984750698,-208495,4233
1688984750701,-208495,4233
1688984750703,-208495,4233
1688984750705,-208495,4233
1688984750706,-208495,4233
1688984750708,-208495,4233
1688984750710,-208495,4233
1688984750712,-208495,4233
1688984750714,-208495,4233
1688984750716,-208495,4233
1688984750718,-208495,4233
1688984750720,-208495,4233
1688984750722,-208495,4233
1688984750723,-208495,4233
1688984750724,-208495,4233
1688984750726,-208495,4233
1688984750728,-208495,4233
1688984750728,-208495,4233
1688984750730,-208495,4233
1688984750731,-208495,4233
1688984750732,-208495,4233
1688984750733,-208495,4233
1688984750734,-208495,4233
1688984750736,-208495,4233
1688984750737,-208495,4233
1688984750739,-208495,4233
1688984750740,-208495,4233
1688984750742,-208495,4233
1688984750743,-208495,4233
1688984750745,-208495,4233
1688984750746,-208495,4233
1688984750747,-208495,4233
1688984750748,-208495,4233
1688984750750,-208495,4233
1688984750752,-208495,4233
1688984750753,-208495,4233
1688984750754,-208495,4233
1688984750756,-208495,4233
1688984750757,-208495,4233
1688984750758,-208495,4233
1688984750759,-208495,4233
1688984750761,-208495,4233
1688984750762,-208495,4233
1688984750763,-208495,4233
1688984750764,-208495,4233
1688984750765,-208495,4233
1688984750766,-208495,4233
1688984750767,-208495,4233
1688984750767,-208495,4233
1688984750768,-208495,4233
1688984750769,-208495,4233
1688984750770,-208495,4233
1688984750771,-208495,4233
1688984750772,-208495,4233
1688984750772,-208495,4233
1688984750773,-208495,4233
1688984750774,-208495,4233
1688984750774,-208495,4233
1688984750775,-208495,4233
1688984750776,-208495,4233
1688984750776,-208495,4233
1688984750777,-208495,4233
1688984750778,-208495,4233
1688984750778,-208495,4233
1688984750779,-208495,4233
1688984750780,-208495,4233
1688984750781,-208495,4233
1688984750781,-208495,4233
1688984750782,-208495,4233
1688984750783,-208495,4233
1688984750783,-208495,4233
1688984750784,-208495,4233
1688984750785,-208495,4233
1688984750785,-208495,4233
1688984750786,-208495,4233
1688984750786,-208495,4233
1688984750787,-208495,4233
1688984750788,-208495,4233
1688984750789,-208495,4233
1688984750789,-208495,4233
1688984750790,-208495,4233
1688984750791,-208495,4233
1688984750791,-208495,4233
1688984750792,-208495,4233
1688984750793,-208495,4233
1688984750794,-208495,4233
1688984750794,-208495,4233
1688984750795,-208495,4233
1688984750796,-208495,4233
1688984750796,-208495,4233
1688984750797,-208495,4233
1688984750798,-208495,4233
1688984750798,-208495,4233
1688984750799,-208495,4233
1688984750800,-208495,4233
1688984750801,-208495,4233
1688984750802,-208495,4233
1688984750803,-208495,4233
1688984750804,-208495,4233
1688984750805,-208495,4233
1688984750805,-208495,4233
1688984750806,-208495,4233
1688984750807,-208495,4233
1688984750807,-208495,4233
1688984750808,-208495,4233
1688984750809,-208495,4233
1688984750809,-208495,4233
1688984750810,-208495,4233
1688984750811,-208495,4233
1688984750811,-208495,4233
1688984750812,-208495,4233
1688984750813,-208495,4233
1688984750813,-208495,4233
1688984750814,-208495,4233
1688984750815,-208495,4233
1688984750815,-208495,4233
1688984750816,-208495,4233
1688984750816,-208495,4233
1688984750817,-208495,4233
1688984750818,-208495,4233
1688984750818,-208495,4233
1688984750820,-208495,4233
1688984750821,-208495,4233
1688984750821,-208495,4233
1688984750822,-208495,4233
1688984750823,-208495,4233
1688984750824,-208495,4233
1688984750824,-208495,4233
1688984750825,-208495,4233
1688984750826,-208495,4233
1688984750826,-208495,4233
1688984750827,-208495,4233
1688984750828,-208495,4233
1688984750828,-208495,4233
1688984750829,-208495,4233
1688984750831,-208495,4233
1688984750832,-208495,4233
1688984750834,-208495,4233
1688984750835,-208495,4233
1688984750836,-208495,4233
1688984750837,-208495,4233
1688984750838,-208495,4233
1688984750838,-208495,4233
1688984750839,-208495,4233
1688984750840,-208495,4233
1688984750841,-208495,4233
1688984750841,-208495,4233
1688984750842,-208495,4233
1688984750843,-208495,4233
1688984750844,-208495,4233
1688984750845,-208495,4233
1688984750846,-208495,4233
1688984750847,-208495,4233
1688984750848,-208495,4233
1688984750849,-208495,4233
1688984750850,-208495,4233
1688984750851,-208495,4233
1688984750852,-208495,4233
1688984750854,-208495,4233
1688984750855,-208495,4233
1688984750856,-208495,4233
1688984750857,-208495,4233
1688984750858,-208495,4233
1688984750859,-208495,4233
1688984750860,-208495,4233
1688984750862,-208495,4233
1688984750863,-208495,4233
1688984750864,-208495,4233
1688984750866,-208495,4233
1688984750867,-208495,4233
1688984750868,-208495,4233
1688984750870,-208495,4233
1688984750871,-208495,4233
1688984750872,-208495,4233
1688984750873,-208495,4233
1688984750874,-208495,4233
1688984750875,-208495,4233
1688984750876,-208495,4233
1688984750877,-208495,4233
1688984750878,-208495,4233
1688984750879,-208495,4233
1688984750881,-208495,4233
1688984750882,-208495,4233
1688984750883,-208495,4233
1688984750884,-208495,4233
1688984750885,-208495,4233
1688984750886,-208495,4233
1688984750887,-208495,4233
1688984750888,-208495,4233
1688984750889,-208495,4233
1688984750891,-208495,4233
1688984750892,-208495,4233
1688984750892,-208495,4233
1688984750893,-208495,4233
1688984750894,-208495,4233
1688984750894,-208495,4233
1688984750895,-208495,4233
1688984750896,-208495,4233
1688984750896,-208495,4233
1688984750897,-208495,4233
1688984750898,-208495,4233
1688984750898,-208495,4233
1688984750900,-208495,4233
1688984750901,-208495,4233
1688984750902,-208495,4233
1688984750903,-208495,4233
1688984750904,-208495,4233
1688984750905,-208495,4233
1688984750905,-208495,4233
1688984750906,-208495,4233
1688984750907,-208495,4233
1688984750908,-208495,4233
1688984750908,-208495,4233
1688984750909,-208495,4233
1688984750910,-208495,4233
1688984750911,-208495,4233
1688984750912,-208495,4233
1688984750913,-208495,4233
1688984750914,-208495,4233
1688984750915,-208495,4233
1688984750917,-208495,4233
1688984750917,-208495,4233
1688984750918,-208495,4233
1688984750919,-208495,4233
1688984750920,-208495,4233
1688984750921,-208495,4233
1688984750922,-208495,4233
1688984750923,-208495,4233
1688984750924,-208495,4233
1688984750925,-208495,4233
1688984750926,-208495,4233
1688984750926,-208495,4233
1688984750927,-208495,4233
1688984750928,-208495,4233
1688984750928,-208495,4233
1688984750930,-208495,4233
1688984750931,-208495,4233
1688984750931,-208495,4233
1688984750932,-208495,4233
1688984750933,-208495,4233
1688984750933,-208495,4233
1688984750934,-208495,4233
1688984750935,-208495,4233
1688984750936,-208495,4233
1688984750936,-208495,4233
1688984750937,-208495,4233
1688984750938,-208495,4233
1688984750939,-208495,4233
1688984750939,-208495,4233
1688984750940,-208495,4233
1688984750941,-208495,4233
1688984750942,-208495,4233
1688984750942,-208495,4233
1688984750943,-208495,4233
1688984750944,-208495,4233
1688984750944,-208495,4233
1688984750945,-208495,4233
1688984750946,-208495,4233
1688984750946,-208495,4233
1688984750947,-208495,4233
1688984750947,-208495,4233
1688984750948,-208495,4233
1688984750950,-208495,4233
1688984750951,-208495,4233
1688984750952,-208495,4233
1688984750952,-208495,4233
1688984750953,-208495,4233
1688984750954,-208495,4233
1688984750954,-208495,4233
1688984750955,-208495,4233
1688984750955,-208495,4233
1688984750956,-208495,4233
1688984750957,-208495,4233
1688984750957,-208495,4233
1688984750958,-208495,4233
1688984750959,-208495,4233
1688984750960,-208495,4233
1688984750961,-208495,4233
1688984750961,-208495,4233
1688984750962,-208495,4233
1688984750963,-208495,4233
1688984750964,-208495,4233
1688984750965,-208495,4233
1688984750966,-208495,4233
1688984750966,-208495,4233
1688984750967,-208495,4233
1688984750968,-208495,4233
1688984750968,-208495,4233
1688984750969,-208495,4233
1688984750970,-208495,4233
1688984750971,-208495,4233
1688984750972,-208495,4233
1688984750973,-208495,4233
1688984750973,-208495,4233
1688984750974,-208495,4233
1688984750975,-208495,4233
1688984750975,-208495,4233
1688984750976,-208495,4233
1688984750977,-208495,4233
1688984750978,-208495,4233
1688984750978,-208495,4233
1688984750979,-208495,4233
1688984750981,-208495,4233
1688984750982,-208495,4233
1688984750983,-208495,4233
1688984750984,-208495,4233
1688984750985,-208495,4233
1688984750986,-208495,4233
1688984750987,-208495,4233
1688984750988,-208495,4233
1688984750989,-208495,4233
1688984750990,-208495,4233
1688984750992,-208495,4233
1688984750993,-208495,4233
1688984750994,-208495,4233
1688984750995,-208495,4233
1688984750996,-208495,4233
1688984750997,-208495,4233
1688984750998,-208495,4233
1688984751000,-208495,4233
1688984751001,-208495,4233
1688984751003,-208495,4233
1688984751004,-208495,4233
1688984751007,-208495,4233
1688984751009,-208495,4233
1688984751011,-208495,4233
1688984751012,-208495,4233
1688984751015,-208495,4233
1688984751017,-208495,4233
1688984751018,-208495,4233
1688984751020,-208495,4233
1688984751022,-208495,4233
1688984751024,-208495,4233
1688984751026,-208495,4233
1688984751027,-208495,4233
1688984751028,-208495,4233
1688984751029,-208495,4233
1688984751030,-208495,4233
1688984751031,-208495,4233
1688984751031,-208495,4233
1688984751032,-208495,4233
1688984751033,-208495,4233
1688984751033,-208495,4233
1688984751034,-208495,4233
1688984751035,-208495,4233
1688984751036,-208495,4233
1688984751036,-208495,4233
1688984751037,-208495,4233
1688984751038,-208495,4233
1688984751038,-208495,4233
1688984751039,-208495,4233
1688984751040,-208495,4233
1688984751041,-208495,4233
1688984751043,-208495,4233
1688984751044,-208495,4233
1688984751045,-208495,4233
1688984751046,-208495,4233
1688984751046,-208495,4233
1688984751047,-208495,4233
1688984751048,-208495,4233
1688984751049,-208495,4233
1688984751049,-208495,4233
1688984751050,-208495,4233
1688984751051,-208495,4233
1688984751051,-208495,4233
1688984751052,-208495,4233
1688984751052,-208495,4233
1688984751053,-208495,4233
1688984751054,-208495,4233
1688984751054,-208495,4233
1688984751055,-208495,4233
1688984751055,-208495,4233
1688984751056,-208495,4233
1688984751057,-208495,4233
1688984751057,-208495,4233
1688984751058,-208495,4233
1688984751059,-208495,4233
1688984751059,-208495,4233
1688984751060,-208495,4233
1688984751061,-208495,4233
1688984751061,-208495,4233
1688984751062,-208495,4233
1688984751063,-208495,4233
1688984751063,-208495,4233
1688984751064,-208495,4233
1688984751064,-208495,4233
1688984751065,-208495,4233
1688984751066,-208495,4233
1688984751066,-208495,4233
1688984751067,-208495,4233
1688984751067,-208495,4233
1688984751068,-208495,4233
1688984751069,-208495,4233
1688984751070,-208495,4233
1688984751071,-208495,4233
1688984751071,-208495,4233
1688984751072,-208495,4233
1688984751073,-208495,4233
1688984751073,-208495,4233
1688984751074,-208495,4233
1688984751076,-208495,4233
1688984751076,-208495,4233
1688984751077,-208495,4233
1688984751078,-208495,4233
1688984751079,-208495,4233
1688984751079,-208495,4233
1688984751080,-208495,4233
1688984751081,-208495,4233
1688984751081,-208495,4233
1688984751082,-208495,4233
1688984751084,-208495,4233
1688984751084,-208495,4233
1688984751085,-208495,4233
1688984751086,-208495,4233
1688984751086,-208495,4233
1688984751087,-208495,4233
1688984751088,-208495,4233
1688984751089,-208495,4233
1688984751091,-208495,4233
1688984751092,-208495,4233
1688984751093,-208495,4233
1688984751094,-208495,4233
1688984751095,-208495,4233
1688984751096,-208495,4233
1688984751096,-208495,4233
1688984751097,-208495,4233
1688984751097,-208495,4233
1688984751098,-208495,4233
1688984751099,-208495,4233
1688984751100,-208495,4233
1688984751101,-208495,4233
1688984751102,-208495,4233
1688984751103,-208495,4233
1688984751104,-208495,4233
1688984751105,-208495,4233
1688984751106,-208495,4233
1688984751107,-208495,4233
1688984751108,-208495,4233
1688984751109,-208495,4233
1688984751110,-208495,4233
1688984751110,-208495,4233
1688984751111,-208495,4233
1688984751112,-208495,4233
1688984751112,-208495,4233
1688984751113,-208495,4233
1688984751113,-208495,4233
1688984751114,-208495,4233
1688984751115,-208495,4233
1688984751115,-208495,4233
1688984751116,-208495,4233
1688984751116,-208495,4233
1688984751117,-208495,4233
1688984751118,-208495,4233
1688984751118,-208495,4233
1688984751119,-208495,4233
1688984751120,-208495,4233
1688984751122,-208495,4233
1688984751123,-208495,4233
1688984751125,-208495,4233
1688984751126,-208495,4233
1688984751128,-208495,4233
1688984751129,-208495,4233
1688984751131,-208495,4233
1688984751132,-208495,4233
1688984751134,-208495,4233
1688984751135,-208495,4233
1688984751136,-208495,4233
1688984751138,-208495,4233
1688984751139,-208495,4233
1688984751141,-208495,4233
1688984751142,-208495,4233
1688984751144,-208495,4233
1688984751145,-208495,4233
1688984751146,-208495,4233
1688984751148,-208495,4233
1688984751149,-208495,4233
1688984751151,-208495,4233
1688984751152,-208495,4233
1688984751154,-208495,4233
1688984751155,-208495,4233
1688984751156,-208495,4233
1688984751158,-208495,4233
1688984751159,-208495,4233
1688984751161,-208495,4233
1688984751163,-208495,4233
1688984751165,-208495,4233
1688984751167,-208495,4233
1688984751169,-208495,4233
1688984751171,-208495,4233
1688984751173,-208495,4233
1688984751175,-208495,4233
1688984751177,-208495,4233
1688984751180,-208495,4233
1688984751182,-208495,4233
1688984751184,-208495,4233
1688984751186,-208495,4233
1688984751188,-208495,4233
1688984751190,-208495,4233
1688984751192,-208495,4233
1688984751194,-208495,4233
1688984751196,-208495,4233
1688984751197,-208495,4233
1688984751200,-208495,4233
1688984751204,-208495,4233
1688984751207,-208495,4233
1688984751210,-208495,4233
1688984751213,-208495,4233
1688984751217,-208495,4233
1688984751221,-208495,4233
1688984751224,-208495,4233
1688984751227,-208495,4233
1688984751229,-208495,4233
1688984751231,-208495,4233
1688984751234,-208495,4233
1688984751236,-208495,4233
1688984751238,-208495,4233
1688984751240,-208495,4233
1688984751244,-208495,4233
1688984751246,-208495,4233
1688984751248,-208495,4233
1688984751252,-208495,4233
1688984751254,-208495,4233
1688984751257,-208495,4233
1688984751258,-208495,4233
1688984751261,-208495,4233
1688984751263,-208495,4233
1688984751264,-208495,4233
1688984751266,-208495,4233
1688984751268,-208495,4233
1688984751271,-208495,4233
1688984751272,-208495,4233
1688984751274,-208495,4233
1688984751275,-208495,4233
1688984751277,-208495,4233
1688984751278,-208495,4233
1688984751282,-208495,4233
1688984751284,-208495,4233
1688984751287,-208495,4233
1688984751291,-208495,4233
1688984751294,-208495,4233
1688984751296,-208495,4233
1688984751298,-208495,4233
1688984751300,-208495,4233
1688984751304,-208495,4233
1688984751305,-208495,4233
1688984751307,-208495,4233
1688984751311,-208495,4233
1688984751314,-208495,4233
1688984751315,-208495,4233
1688984751317,-208495,4233
1688984751318,-208495,4233
1688984751320,-208495,4233
1688984751321,-208495,4233
1688984751323,-208495,4233
1688984751325,-208495,4233
1688984751326,-208495,4233
1688984751328,-208495,4233
1688984751330,-208495,4233
1688984751331,-208495,4233
1688984751333,-208495,4233
1688984751334,-208495,4233
1688984751335,-208495,4233
1688984751337,-208495,4233
1688984751338,-208495,4233
1688984751341,-208495,4233
1688984751344,-208495,4233
1688984751346,-208495,4233
1688984751347,-208495,4233
1688984751350,-208495,4233
1688984751352,-208495,4233
1688984751354,-208495,4233
1688984751357,-208495,4233
1688984751359,-208495,4233
1688984751362,-208495,4233
1688984751364,-208495,4233
1688984751367,-208495,4233
1688984751370,-208495,4233
1688984751372,-208495,4233
1688984751375,-208495,4233
1688984751377,-208495,4233
1688984751379,-208495,4233
1688984751382,-208495,4233
1688984751384,-208495,4233
1688984751386,-208495,4233
1688984751388,-208495,4233
1688984751390,-208495,4233
1688984751392,-208495,4233
1688984751395,-208495,4233
1688984751397,-208495,4233
1688984751399,-208495,4233
1688984751402,-208495,4233
1688984751404,-208495,4233
1688984751405,-208495,4233
1688984751407,-208495,4233
1688984751408,-208495,4233
1688984751411,-208495,4233
1688984751412,-208495,4233
1688984751414,-208495,4233
1688984751416,-208495,4233
1688984751417,-208495,4233
1688984751419,-208495,4233
1688984751421,-208495,4233
1688984751422,-208495,4233
1688984751423,-208495,4233
1688984751424,-208495,4233
1688984751426,-208495,4233
1688984751427,-208495,4233
1688984751429,-208495,4233
1688984751430,-208495,4233
1688984751431,-208495,4233
1688984751432,-208495,4233
1688984751433,-208495,4233
1688984751435,-208495,4233
1688984751436,-208495,4233
1688984751438,-208495,4233
1688984751439,-208495,4233
1688984751442,-208495,4233
1688984751444,-208495,4233
1688984751445,-208495,4233
1688984751447,-208495,4233
1688984751448,-208495,4233
1688984751450,-208495,4233
1688984751452,-208495,4233
1688984751454,-208495,4233
1688984751455,-208495,4233
1688984751457,-208495,4233
1688984751460,-208495,4233
1688984751462,-208495,4233
1688984751464,-208495,4233
1688984751466,-208495,4233
1688984751468,-208495,4233
1688984751470,-208495,4233
1688984751472,-208495,4233
1688984751474,-208495,4233
1688984751476,-208495,4233
1688984751478,-208495,4233
1688984751480,-208495,4233
1688984751482,-208495,4233
1688984751484,-208495,4233
1688984751486,-208495,4233
1688984751488,-208495,4233
1688984751491,-208495,4233
1688984751493,-208495,4233
1688984751494,-208495,4233
1688984751496,-208495,4233
1688984751498,-208495,4233
1688984751501,-208495,4233
1688984751505,-208495,4233
1688984751507,-208495,4233
1688984751511,-208495,4233
1688984751515,-208495,4233
1688984751517,-208495,4233
1688984751521,-208495,4233
1688984751524,-208495,4233
1688984751527,-208495,4233
1688984751530,-208495,4233
1688984751534,-208495,4233
1688984751536,-208495,4233
1688984751540,-208495,4233
1688984751543,-208495,4233
1688984751545,-208495,4233
1688984751547,-208495,4233
1688984751551,-208495,4233
1688984751555,-208495,4233
1688984751558,-208495,4233
1688984751562,-208495,4233
1688984751571,-208495,4233
1688984751577,-208495,4233
1688984751582,-208495,4233
1688984751584,-208495,4233
1688984751588,-208495,4233
1688984751591,-208495,4233
1688984751593,-208495,4233
1688984751594,-208495,4233
1688984751596,-208495,4233
1688984751597,-208495,4233
1688984751598,-208495,4233
1688984751599,-208495,4233
1688984751601,-208495,4233
1688984751603,-208495,4233
1688984751604,-208495,4233
1688984751606,-208495,4233
1688984751607,-208495,4233
1688984751608,-208495,4233
1688984751610,-208495,4233
1688984751611,-208495,4233
1688984751613,-208495,4233
1688984751615,-208495,4233
1688984751616,-208495,4233
1688984751618,-208495,4233
1688984751619,-208495,4233
1688984751621,-208495,4233
1688984751623,-208495,4233
1688984751625,-208495,4233
1688984751626,-208495,4233
1688984751628,-208495,4233
1688984751629,-208495,4233
1688984751631,-208495,4233
1688984751634,-208495,4233
1688984751635,-208495,4233
1688984751636,-208495,4233
1688984751638,-208495,4233
1688984751641,-208495,4233
1688984751643,-208495,4233
1688984751644,-208495,4233
1688984751646,-208495,4233
1688984751647,-208495,4233
1688984751649,-208495,4233
1688984751651,-208495,4233
1688984751652,-208495,4233
1688984751653,-208495,4233
1688984751654,-208495,4233
1688984751656,-208495,4233
1688984751657,-208495,4233
1688984751659,-208495,4233
1688984751662,-208495,4233
1688984751665,-208495,4233
1688984751668,-208495,4233
1688984751671,-208495,4233
1688984751674,-208495,4233
1688984751677,-208495,4233
1688984751681,-208495,4233
1688984751684,-208495,4233
1688984751687,-208495,4233
1688984751691,-208495,4233
1688984751694,-208495,4233
1688984751697,-208495,4233
1688984751701,-208495,4233
1688984751705,-208495,4233
1688984751707,-208495,4233
1688984751710,-208495,4233
1688984751713,-208495,4233
1688984751716,-208495,4233
1688984751719,-208495,4233
1688984751723,-208495,4233
1688984751725,-208495,4233
1688984751727,-208495,4233
1688984751730,-208495,4233
1688984751732,-208495,4233
1688984751734,-208495,4233
1688984751735,-208495,4233
1688984751737,-208495,4233
1688984751739,-208495,4233
1688984751742,-208495,4233
1688984751745,-208495,4233
1688984751748,-208495,4233
1688984751751,-208495,4233
1688984751754,-208495,4233
1688984751757,-208495,4233
1688984751761,-208495,4233
1688984751765,-208495,4233
1688984751768,-208495,4233
1688984751771,-208495,4233
1688984751774,-208495,4233
1688984751776,-208495,4233
1688984751780,-208495,4233
1688984751783,-208495,4233
1688984751785,-208495,4233
1688984751787,-208495,4233
1688984751791,-208495,4233
1688984751795,-208495,4233
1688984751797,-208495,4233
1688984751802,-208495,4233
1688984751805,-208495,4233
1688984751808,-208495,4233
1688984751810,-208495,4233
1688984751813,-208495,4233
1688984751814,-208495,4233
1688984751817,-208495,4233
1688984751821,-208495,4233
1688984751823,-208495,4233
1688984751826,-139160,4233
1688984751828,-139160,4233
1688984751831,-139160,4233
1688984751834,-139160,4233
1688984751837,-139160,4233
1688984751840,-139160,4233
1688984751844,-139160,4233
1688984751847,-139160,4233
1688984751851,-139160,4233
1688984751854,-139160,4233
1688984751856,-139160,4233
1688984751859,-139160,4233
1688984751862,-139160,4233
1688984751865,-139160,4233
1688984751868,-139160,4233
1688984751871,-139160,4233
1688984751874,-139160,4233
1688984751876,-139160,4233
1688984751880,-139160,4233
1688984751884,-139160,4233
1688984751887,-139160,4233
1688984751890,-139160,4233
1688984751892,-139160,4233
1688984751895,-139160,4233
1688984751898,-139160,4233
1688984751901,-139160,4233
1688984751904,-139160,4233
1688984751906,-139160,4233
1688984751909,-139160,4233
1688984751912,-139160,4233
1688984751915,-139160,4233
1688984751918,-139160,4233
1688984751923,-139160,4233
1688984751926,-139160,4233
1688984751928,-139160,4233
1688984751931,-139160,4233
1688984751934,-139160,4233
1688984751937,-139160,4233
1688984751940,-139160,4233
1688984751943,-139160,4233
1688984751946,-139160,4233
1688984751948,-139160,4233
1688984751951,-139160,4233
1688984751954,-139160,4233
1688984751957,-139160,4233
1688984751961,-139160,4233
1688984751964,-139160,4233
1688984751967,-139160,4233
1688984751970,-139160,4233
1688984751973,-139160,4233
1688984751975,-139160,4233
1688984751978,-139160,4233
1688984751981,-139160,4233
1688984751984,-139160,4233
1688984751987,-139160,4233
1688984751989,-139160,4233
1688984751992,-139160,4233
1688984751994,-139160,4233
1688984751997,-139160,4233
1688984752001,-139160,4233
1688984752005,-139160,4233
1688984752007,-139160,4233
1688984752010,-139160,4233
1688984752013,-139160,4233
1688984752016,-139160,4233
1688984752018,-139160,4233
1688984752021,-139160,4233
1688984752024,-139160,4233
1688984752027,-139160,4233
1688984752030,-139160,4233
1688984752033,-139160,4233
1688984752036,-139160,4233
1688984752038,-139160,4233
1688984752042,-139160,4233
1688984752045,-139160,4233
1688984752048,-139160,4233
1688984752051,-139160,4233
1688984752054,-139160,4233
1688984752057,-139160,4233
1688984752060,-139160,4233
1688984752063,-139160,4233
1688984752065,-139160,4233
1688984752068,-139160,4233
1688984752072,-139160,4233
1688984752074,-139160,4233
1688984752076,-139160,4233
1688984752079,-139160,4233
1688984752083,-139160,4233
1688984752085,-139160,4233
1688984752087,-139160,4233
1688984752091,-139160,4233
1688984752094,-139160,4233
1688984752096,-139160,4233
1688984752100,-139160,4233
1688984752103,-139160,4233
1688984752105,-139160,4233
1688984752108,-139160,4233
1688984752110,-139160,4233
1688984752113,-139160,4233
1688984752116,-139160,4233
1688984752119,-139160,4233
1688984752122,-139160,4233
1688984752125,-139160,4233
1688984752128,-139160,4233
1688984752130,-139160,4233
1688984752133,-139160,4233
1688984752135,-139160,4233
1688984752138,-139160,4233
1688984752141,-139160,4233
1688984752143,-139160,4233
1688984752146,-139160,4233
1688984752148,-139160,4233
1688984752152,-139160,4233
1688984752155,-139160,4233
1688984752158,-139160,4233
1688984752161,-139160,4233
1688984752164,-139160,4233
1688984752167,-139160,4233
1688984752169,-139160,4233
1688984752172,-139160,4233
1688984752175,-139160,4233
1688984752178,-139160,4233
1688984752182,-139160,4233
1688984752184,-139160,4233
1688984752187,-139160,4233
1688984752190,-139160,4233
1688984752193,-139160,4233
1688984752195,-139160,4233
1688984752198,-139160,4233
1688984752202,-139160,4233
1688984752206,-139160,4233
1688984752208,-139160,4233
1688984752211,-139160,4233
1688984752214,-139160,4233
1688984752217,-139160,4233
1688984752220,-139160,4233
1688984752223,-139160,4233
1688984752226,-139160,4233
1688984752228,-139160,4233
1688984752231,-139160,4233
1688984752233,-139160,4233
1688984752236,-139160,4233
1688984752239,-139160,4233
1688984752242,-139160,4233
1688984752246,-139160,4233
1688984752248,-139160,4233
1688984752251,-139160,4233
1688984752254,-139160,4233
1688984752257,-139160,4233
1688984752260,-139160,4233
1688984752263,-139160,4233
1688984752266,-139160,4233
1688984752268,-139160,4233
1688984752272,-139160,4233
1688984752275,-139160,4233
1688984752277,-139160,4233
1688984752282,-139160,4233
1688984752285,-139160,4233
1688984752288,-139160,4233
1688984752291,-139160,4233
1688984752294,-139160,4233
1688984752297,-139160,4233
1688984752300,-139160,4233
1688984752304,-139160,4233
1688984752307,-139160,4233
1688984752310,-139160,4233
1688984752312,-139160,4233
1688984752315,-139160,4233
1688984752318,-139160,4233
1688984752323,-139160,4233
1688984752326,-139160,4233
1688984752329,-139160,4233
1688984752332,-139160,4233
1688984752335,-139160,4233
1688984752338,-139160,4233
1688984752341,-139160,4233
1688984752344,-139160,4233
1688984752350,-139160,4233
1688984752353,-139160,4233
1688984752356,-139160,4233
1688984752358,-139160,4233
1688984752361,-139160,4233
1688984752364,-139160,4233
1688984752366,-139160,4233
1688984752368,-139160,4233
1688984752371,-139160,4233
1688984752373,-139160,4233
1688984752375,-139160,4233
1688984752377,-139160,4233
1688984752380,-139160,4233
1688984752382,-139160,4233
1688984752384,-139160,4233
1688984752387,-139160,4233
1688984752389,-139160,4233
1688984752391,-139160,4233
1688984752393,-139160,4233
1688984752395,-139160,4233
1688984752398,-139160,4233
1688984752401,-139160,4233
1688984752403,-139160,4233
1688984752405,-139160,4233
1688984752406,-139160,4233
1688984752408,-139160,4233
1688984752409,-139160,4233
1688984752412,-139160,4233
1688984752414,-139160,4233
1688984752416,-139160,4233
1688984752418,-139160,4233
1688984752421,-139160,4233
1688984752423,-139160,4233
1688984752425,-139160,4233
1688984752427,-139160,4233
1688984752429,-139160,4233
1688984752431,-139160,4233
1688984752434,-139160,4233
1688984752436,-139160,4233
1688984752439,-139160,4233
1688984752441,-139160,4233
1688984752443,-139160,4233
1688984752445,-139160,4233
1688984752447,-139160,4233
1688984752450,-139160,4233
1688984752452,-139160,4233
1688984752454,-139160,4233
1688984752457,-139160,4233
1688984752459,-139160,4233
1688984752461,-139160,4233
1688984752463,-139160,4233
1688984752465,-139160,4233
1688984752467,-139160,4233
1688984752469,-139160,4233
1688984752471,-139160,4233
1688984752473,-139160,4233
1688984752476,-139160,4233
1688984752478,-139160,4233
1688984752480,-139160,4233
1688984752482,-139160,4233
1688984752484,-139160,4233
1688984752486,-139160,4233
1688984752489,-139160,4233
1688984752493,-139160,4233
1688984752495,-139160,4233
1688984752497,-139160,4233
1688984752500,-139160,4233
1688984752502,-139160,4233
1688984752504,-139160,4233
1688984752506,-139160,4233
1688984752508,-139160,4233
1688984752511,-139160,4233
1688984752513,-139160,4233
1688984752515,-139160,4233
1688984752518,-139160,4233
1688984752520,-139160,4233
1688984752523,-139160,4233
1688984752525,-139160,4233
1688984752527,-139160,4233
1688984752529,-139160,4233
1688984752531,-139160,4233
1688984752533,-139160,4233
1688984752535,-139160,4233
1688984752537,-139160,4233
1688984752540,-139160,4233
1688984752542,-139160,4233
1688984752544,-139160,4233
1688984752546,-139160,4233
1688984752548,-139160,4233
1688984752551,-139160,4233
1688984752553,-139160,4233
1688984752555,-139160,4233
1688984752558,-139160,4233
1688984752560,-139160,4233
1688984752563,-139160,4233
1688984752565,-139160,4233
1688984752567,-139160,4233
1688984752569,-139160,4233
1688984752572,-139160,4233
1688984752574,-139160,4233
1688984752576,-139160,4233
1688984752578,-139160,4233
1688984752581,-139160,4233
1688984752584,-139160,4233
1688984752586,-139160,4233
1688984752588,-139160,4233
1688984752590,-139160,4233
1688984752592,-139160,4233
1688984752595,-139160,4233
1688984752598,-139160,4233
1688984752602,-139160,4233
1688984752605,-139160,4233
1688984752608,-139160,4233
1688984752611,-139160,4233
1688984752613,-139160,4233
1688984752616,-139160,4233
1688984752618,-139160,4233
1688984752623,-139160,4233
1688984752625,-139160,4233
1688984752628,-139160,4233
1688984752631,-139160,4233
1688984752634,-139160,4233
1688984752638,-139160,4233
1688984752641,-139160,4233
1688984752644,-139160,4233
1688984752647,-139160,4233
1688984752650,-139160,4233
1688984752652,-139160,4233
1688984752655,-139160,4233
1688984752658,-139160,4233
1688984752660,-139160,4233
1688984752664,-139160,4233
1688984752666,-139160,4233
1688984752669,-139160,4233
1688984752672,-139160,4233
1688984752676,-139160,4233
1688984752679,-139160,4233
1688984752682,-139160,4233
1688984752685,-139160,4233
1688984752688,-139160,4233
1688984752692,-139160,4233
1688984752695,-139160,4233
1688984752697,-139160,4233
1688984752701,-139160,4233
1688984752704,-139160,4233
1688984752706,-139160,4233
1688984752709,-139160,4233
1688984752712,-139160,4233
1688984752715,-139160,4233
1688984752720,-139160,4233
1688984752724,-139160,4233
1688984752726,-139160,4233
1688984752729,-139160,4233
1688984752732,-139160,4233
1688984752735,-139160,4233
1688984752737,-139160,4233
1688984752741,-139160,4233
1688984752744,-139160,4233
1688984752747,-139160,4233
1688984752750,-139160,4233
1688984752753,-139160,4233
1688984752757,-139160,4233
1688984752761,-139160,4233
1688984752763,-139160,4233
1688984752766,-139160,4233
1688984752769,-139160,4233
1688984752771,-139160,4233
1688984752774,-139160,4233
1688984752776,-139160,4233
1688984752779,-139160,4233
1688984752783,-139160,4233
1688984752785,-139160,4233
1688984752788,-139160,4233
1688984752791,-139160,4233
1688984752794,-139160,4233
1688984752797,-139160,4233
1688984752801,-139160,4233
1688984752804,-139160,4233
1688984752807,-139160,4233
1688984752810,-139160,4233
1688984752813,-139160,4233
1688984752816,-139160,4233
1688984752818,-139160,4233
1688984752822,-139160,4233
1688984752825,-139160,4233
1688984752828,-139160,4233
1688984752831,-139160,4233
1688984752833,-139160,4233
1688984752837,-139160,4233
1688984752840,-139160,4233
1688984752843,-139160,4233
1688984752846,-139160,4233
1688984752849,-139160,4233
1688984752853,-139160,4233
1688984752855,-139160,4233
1688984752858,-139160,4233
1688984752861,-139160,4233
1688984752864,-139160,4233
1688984752867,-139160,4233
1688984752870,-139160,4233
1688984752873,-139160,4233
1688984752877,-139160,4233
1688984752880,-139160,4233
1688984752883,-139160,4233
1688984752886,-139160,4233
1688984752888,-139160,4233
1688984752891,-139160,4233
1688984752894,-139160,4233
1688984752897,-139160,4233
1688984752902,-139160,4233
1688984752905,-139160,4233
1688984752907,-139160,4233
1688984752911,-139160,4233
1688984752914,-139160,4233
1688984752917,-139160,4233
1688984752920,-139160,4233
1688984752923,-139160,4233
1688984752926,-139160,4233
1688984752930,-139160,4233
1688984752933,-139160,4233
1688984752936,-139160,4233
1688984752938,-139160,4233
1688984752941,-139160,4233
1688984752943,-139160,4233
1688984752946,-139160,4233
1688984752949,-139160,4233
1688984752952,-139160,4233
1688984752956,-139160,4233
1688984752961,-139160,4233
1688984752964,-139160,4233
1688984752966,-139160,4233
1688984752969,-139160,4233
1688984752972,-139160,4233
1688984752975,-139160,4233
1688984752978,-139160,4233
1688984752980,-139160,4233
1688984752984,-139160,4233
1688984752986,-139160,4233
1688984752989,-139160,4233
1688984752993,-139160,4233
1688984752996,-139160,4233
1688984752999,-139160,4233
1688984753002,-139160,4233
1688984753005,-139160,4233
1688984753008,-139160,4233
1688984753011,-139160,4233
1688984753014,-139160,4233
1688984753017,-139160,4233
1688984753021,-139160,4233
1688984753024,-139160,4233
1688984753027,-139160,4233
1688984753029,-139160,4233
1688984753033,-139160,4233
1688984753036,-139160,4233
1688984753040,-139160,4233
1688984753043,-139160,4233
1688984753046,-139160,4233
1688984753048,-139160,4233
1688984753052,-139160,4233
1688984753055,-139160,4233
1688984753058,-139160,4233
1688984753061,-139160,4233
1688984753064,-139160,4233
1688984753067,-139160,4233
1688984753069,-139160,4233
1688984753072,-139160,4233
1688984753076,-139160,4233
1688984753079,-139160,4233
1688984753083,-139160,4233
1688984753086,-139160,4233
1688984753088,-139160,4233
1688984753092,-139160,4233
1688984753095,-139160,4233
1688984753097,-139160,4233
1688984753101,-139160,4233
1688984753104,-139160,4233
1688984753106,-139160,4233
1688984753109,-139160,4233
1688984753112,-139160,4233
1688984753116,-139160,4233
1688984753119,-139160,4233
1688984753122,-139160,4233
1688984753125,-139160,4233
1688984753127,-139160,4233
1688984753130,-139160,4233
1688984753132,-139160,4233
1688984753135,-139160,4233
1688984753137,-139160,4233
1688984753140,-139160,4233
1688984753143,-139160,4233
1688984753146,-139160,4233
1688984753148,-139160,4233
1688984753152,-139160,4233
1688984753156,-139160,4233
1688984753159,-139160,4233
1688984753162,-139160,4233
1688984753165,-139160,4233
1688984753168,-139160,4233
1688984753171,-139160,4233
1688984753174,-139160,4233
1688984753176,-139160,4233
1688984753179,-139160,4233
1688984753182,-139160,4233
1688984753185,-139160,4233
1688984753188,-139160,4233
1688984753190,-139160,4233
1688984753194,-139160,4233
1688984753198,-139160,4233
1688984753200,-139160,4233
1688984753203,-139160,4233
1688984753206,-139160,4233
1688984753208,-139160,4233
1688984753211,-139160,4233
1688984753214,-139160,4233
1688984753216,-139160,4233
1688984753220,-139160,4233
1688984753223,-139160,4233
1688984753225,-139160,4233
1688984753228,-139160,4233
1688984753230,-139160,4233
1688984753234,-139160,4233
1688984753237,-139160,4233
1688984753240,-139160,4233
1688984753243,-139160,4233
1688984753246,-139160,4233
1688984753249,-139160,4233
1688984753252,-139160,4233
1688984753254,-139160,4233
1688984753257,-139160,4233
1688984753261,-139160,4233
1688984753264,-139160,4233
1688984753267,-139160,4233
1688984753271,-139160,4233
1688984753275,-139160,4233
1688984753278,-139160,4233
1688984753281,-139160,4233
1688984753283,-139160,4233
1688984753286,-139160,4233
1688984753288,-139160,4233
1688984753292,-139160,4233
1688984753294,-139160,4233
1688984753296,-135742,4233
1688984753299,-135742,4233
1688984753302,-135742,4233
1688984753305,-135742,4233
1688984753307,-135742,4233
1688984753310,-135742,4233
1688984753313,-135742,4233
1688984753316,-135742,4233
1688984753320,-135742,4233
1688984753323,-135742,4233
1688984753326,-135742,4233
1688984753328,-135742,4233
1688984753331,-135742,4233
1688984753333,-135742,4233
1688984753336,-135742,4233
1688984753338,-135742,4233
1688984753341,-135742,4233
1688984753343,-135742,4233
1688984753346,-135742,4233
1688984753348,-135742,4233
1688984753351,-135742,4233
1688984753354,-135742,4233
1688984753357,-135742,4233
1688984753360,-135742,4233
1688984753363,-135742,4233
1688984753365,-135742,4233
1688984753368,-135742,4233
1688984753370,-135742,4233
1688984753373,-135742,4233
1688984753376,-135742,4233
1688984753378,-135742,4233
1688984753381,-135742,4233
1688984753384,-135742,4233
1688984753386,-135742,4233
1688984753388,-135742,4233
1688984753391,-135742,4233
1688984753394,-135742,4233
1688984753397,-135742,4233
1688984753401,-135742,4233
1688984753404,-135742,4233
1688984753406,-135742,4233
1688984753408,-135742,4233
1688984753412,-135742,4233
1688984753415,-135742,4233
1688984753417,-135742,4233
1688984753420,-135742,4233
1688984753423,-135742,4233
1688984753426,-135742,4233
1688984753429,-135742,4233
1688984753433,-135742,4233
1688984753436,-135742,4233
1688984753441,-135742,4233
1688984753444,-135742,4233
1688984753446,-135742,4233
1688984753449,-135742,4233
1688984753452,-135742,4233
1688984753455,-135742,4233
1688984753458,-135742,4233
1688984753461,-135742,4233
1688984753463,-135742,4233
1688984753466,-135742,4233
1688984753468,-135742,4233
1688984753471,-135742,4233
1688984753475,-135742,4233
1688984753478,-135742,4233
1688984753480,-135742,4233
1688984753482,-135742,4233
1688984753484,-135742,4233
1688984753486,-135742,4233
1688984753488,-135742,4233
1688984753491,-135742,4233
1688984753494,-135742,4233
1688984753497,-135742,4233
1688984753499,-135742,4233
1688984753501,-135742,4233
1688984753504,-135742,4233
1688984753506,-135742,4233
1688984753508,-135742,4233
1688984753511,-135742,4233
1688984753513,-135742,4233
1688984753515,-135742,4233
1688984753517,-135742,4233
1688984753519,-135742,4233
1688984753522,-135742,4233
1688984753524,-135742,4233
1688984753526,-135742,4233
1688984753528,-135742,4233
1688984753530,-135742,4233
1688984753532,-135742,4233
1688984753535,-135742,4233
1688984753536,-135742,4233
1688984753538,-135742,4233
1688984753541,-135742,4233
1688984753543,-135742,4233
1688984753545,-135742,4233
1688984753547,-135742,4233
1688984753549,-135742,4233
1688984753552,-135742,4233
1688984753554,-135742,4233
1688984753556,-135742,4233
1688984753558,-135742,4233
1688984753560,-135742,4233
1688984753562,-135742,4233
1688984753564,-135742,4233
1688984753566,-135742,4233
1688984753568,-135742,4233
1688984753570,-135742,4233
1688984753572,-135742,4233
1688984753575,-135742,4233
1688984753577,-135742,4233
1688984753579,-135742,4233
1688984753582,-135742,4233
1688984753584,-135742,4233
1688984753586,-135742,4233
1688984753588,-135742,4233
1688984753591,-135742,4233
1688984753593,-135742,4233
1688984753595,-135742,4233
1688984753597,-135742,4233
1688984753602,-135742,4233
1688984753606,-135742,4233
1688984753608,-135742,4233
1688984753611,-135742,4233
1688984753613,-135742,4233
1688984753615,-135742,4233
1688984753617,-135742,4233
1688984753620,-135742,4233
1688984753622,-135742,4233
1688984753624,-135742,4233
1688984753626,-135742,4233
1688984753628,-135742,4233
1688984753631,-135742,4233
1688984753633,-135742,4233
1688984753635,-135742,4233
1688984753638,-135742,4233
1688984753640,-135742,4233
1688984753642,-135742,4233
1688984753644,-135742,4233
1688984753646,-135742,4233
1688984753648,-135742,4233
1688984753650,-135742,4233
1688984753652,-135742,4233
1688984753654,-135742,4233
1688984753656,-135742,4233
1688984753658,-135742,4233
1688984753661,-135742,4233
1688984753663,-135742,4233
1688984753664,-135742,4233
1688984753666,-135742,4233
1688984753670,-135742,4233
1688984753675,-135742,4233
1688984753679,-135742,4233
1688984753682,-135742,4233
1688984753686,-135742,4233
1688984753690,-135742,4233
1688984753694,-135742,4233
1688984753698,-135742,4233
1688984753702,-135742,4233
1688984753705,-135742,4233
1688984753709,-135742,4233
1688984753712,-135742,4233
1688984753715,-135742,4233
1688984753718,-135742,4233
1688984753728,-135742,4233
1688984753732,-135742,4233
1688984753734,-135742,4233
1688984753736,-135742,4233
1688984753737,-135742,4233
1688984753740,-135742,4233
1688984753742,-135742,4233
1688984753744,-135742,4233
1688984753745,-135742,4233
1688984753747,-135742,4233
1688984753750,-135742,4233
1688984753751,-135742,4233
1688984753753,-135742,4233
1688984753755,-135742,4233
1688984753757,-135742,4233
1688984753758,-135742,4233
1688984753761,-135742,4233
1688984753765,-135742,4233
1688984753767,-135742,4233
1688984753771,-135742,4233
1688984753774,-135742,4233
1688984753777,-135742,4233
1688984753779,-135742,4233
1688984753782,-135742,4233
1688984753784,-135742,4233
1688984753786,-135742,4233
1688984753789,-135742,4233
1688984753792,-135742,4233
1688984753794,-135742,4233
1688984753796,-135742,4233
1688984753798,-135742,4233
1688984753800,-135742,4233
1688984753802,-135742,4233
1688984753803,-135742,4233
1688984753805,-135742,4233
1688984753806,-135742,4233
1688984753808,-135742,4233
1688984753809,-135742,4233
1688984753810,-135742,4233
1688984753812,-135742,4233
1688984753813,-135742,4233
1688984753815,-135742,4233
1688984753816,-135742,4233
1688984753817,-135742,4233
1688984753819,-135742,4233
1688984753821,-135742,4233
1688984753822,-135742,4233
1688984753824,-135742,4233
1688984753826,-135742,4233
1688984753828,-135742,4233
1688984753830,-135742,4233
1688984753831,-135742,4233
1688984753833,-135742,4233
1688984753834,-135742,4233
1688984753836,-135742,4233
1688984753838,-135742,4233
1688984753841,-135742,4233
1688984753845,-135742,4233
1688984753848,-135742,4233
1688984753851,-135742,4233
1688984753854,-135742,4233
1688984753857,-135742,4233
1688984753860,-135742,4233
1688984753863,-135742,4233
1688984753866,-135742,4233
1688984753868,-135742,4233
1688984753872,-135742,4233
1688984753874,-135742,4233
1688984753877,-135742,4233
1688984753880,-135742,4233
1688984753883,-135742,4233
1688984753885,-135742,4233
1688984753888,-135742,4233
1688984753891,-135742,4233
1688984753894,-135742,4233
1688984753896,-135742,4233
1688984753900,-135742,4233
1688984753903,-135742,4233
1688984753905,-135742,4233
1688984753908,-135742,4233
1688984753911,-135742,4233
1688984753914,-135742,4233
1688984753916,-135742,4233
1688984753920,-135742,4233
1688984753924,-135742,4233
1688984753927,-135742,4233
1688984753930,-135742,4233
1688984753933,-135742,4233
1688984753936,-135742,4233
1688984753939,-135742,4233
1688984753942,-135742,4233
1688984753945,-135742,4233
1688984753949,-135742,4233
1688984753953,-135742,4233
1688984753956,-135742,4233
1688984753960,-135742,4233
1688984753963,-135742,4233
1688984753966,-135742,4233
1688984753968,-135742,4233
1688984753971,-135742,4233
1688984753974,-135742,4233
1688984753977,-135742,4233
1688984753981,-135742,4233
1688984753984,-135742,4233
1688984753987,-135742,4233
1688984753990,-135742,4233
1688984753994,-135742,4233
1688984753996,-135742,4233
1688984753999,-135742,4233
1688984754002,-135742,4233
1688984754005,-135742,4233
1688984754007,-135742,4233
1688984754011,-135742,4233
1688984754014,-135742,4233
1688984754017,-135742,4233
1688984754020,-135742,4233
1688984754023,-135742,4233
1688984754027,-135742,4233
1688984754030,-135742,4233
1688984754033,-135742,4233
1688984754037,-135742,4233
1688984754041,-135742,4233
1688984754044,-135742,4233
1688984754046,-135742,4233
1688984754049,-135742,4233
1688984754052,-135742,4233
1688984754054,-135742,4233
1688984754057,-135742,4233
1688984754060,-135742,4233
1688984754063,-135742,4233
1688984754065,-135742,4233
1688984754069,-135742,4233
1688984754072,-135742,4233
1688984754076,-135742,4233
1688984754078,-135742,4233
1688984754082,-135742,4233
1688984754084,-135742,4233
1688984754087,-135742,4233
1688984754089,-135742,4233
1688984754092,-135742,4233
1688984754095,-135742,4233
1688984754098,-135742,4233
1688984754101,-135742,4233
1688984754104,-135742,4233
1688984754107,-135742,4233
1688984754111,-135742,4233
1688984754114,-135742,4233
1688984754117,-135742,4233
1688984754120,-135742,4233
1688984754123,-135742,4233
1688984754126,-135742,4233
1688984754129,-135742,4233
1688984754132,-135742,4233
1688984754135,-135742,4233
1688984754138,-135742,4233
1688984754141,-135742,4233
1688984754144,-135742,4233
1688984754147,-135742,4233
1688984754151,-135742,4233
1688984754153,-135742,4233
1688984754157,-135742,4233
1688984754160,-135742,4233
1688984754163,-135742,4233
1688984754165,-135742,4233
1688984754168,-135742,4233
1688984754172,-135742,4233
1688984754174,-135742,4233
1688984754177,-135742,4233
1688984754180,-135742,4233
1688984754183,-135742,4233
1688984754185,-135742,4233
1688984754189,-135742,4233
1688984754193,-135742,4233
1688984754196,-135742,4233
1688984754199,-135742,4233
1688984754203,-135742,4233
1688984754205,-135742,4233
1688984754208,-135742,4233
1688984754210,-135742,4233
1688984754212,-135742,4233
1688984754214,-135742,4233
1688984754216,-135742,4233
1688984754218,-135742,4233
1688984754220,-135742,4233
1688984754222,-135742,4233
1688984754225,-135742,4233
1688984754228,-135742,4233
1688984754231,-135742,4233
1688984754234,-135742,4233
1688984754236,-135742,4233
1688984754238,-135742,4233
1688984754242,-135742,4233
1688984754244,-135742,4233
1688984754247,-135742,4233
1688984754250,-135742,4233
1688984754253,-135742,4233
1688984754256,-135742,4233
1688984754258,-135742,4233
1688984754262,-135742,4233
1688984754265,-135742,4233
1688984754268,-135742,4233
1688984754272,-135742,4233
1688984754274,-135742,4233
1688984754277,-135742,4233
1688984754280,-135742,4233
1688984754284,-135742,4233
1688984754286,-135742,4233
1688984754289,-135742,4233
1688984754292,-135742,4233
1688984754295,-135742,4233
1688984754297,-135742,4233
1688984754300,-135742,4233
1688984754303,-135742,4233
1688984754305,-135742,4233
1688984754308,-135742,4233
1688984754312,-135742,4233
1688984754315,-135742,4233
1688984754318,-135742,4233
1688984754321,-135742,4233
1688984754324,-135742,4233
1688984754327,-135742,4233
1688984754330,-135742,4233
1688984754333,-135742,4233
1688984754336,-135742,4233
1688984754338,-135742,4233
1688984754342,-135742,4233
1688984754344,-135742,4233
1688984754347,-135742,4233
1688984754351,-135742,4233
1688984754357,-135742,4233
1688984754360,-135742,4233
1688984754363,-135742,4233
1688984754366,-135742,4233
1688984754369,-135742,4233
1688984754373,-135742,4233
1688984754376,-135742,4233
1688984754379,-135742,4233
1688984754383,-135742,4233
1688984754385,-135742,4233
1688984754389,-135742,4233
1688984754392,-135742,4233
1688984754395,-135742,4233
1688984754397,-135742,4233
1688984754401,-135742,4233
1688984754404,-135742,4233
1688984754407,-135742,4233
1688984754411,-135742,4233
1688984754414,-135742,4233
1688984754416,-135742,4233
1688984754419,-135742,4233
1688984754421,-135742,4233
1688984754425,-135742,4233
1688984754429,-135742,4233
1688984754432,-135742,4233
1688984754435,-135742,4233
1688984754438,-135742,4233
1688984754442,-135742,4233
1688984754445,-135742,4233
1688984754447,-135742,4233
1688984754450,-135742,4233
1688984754453,-135742,4233
1688984754456,-135742,4233
1688984754460,-135742,4233
1688984754463,-135742,4233
1688984754466,-135742,4233
1688984754470,-135742,4233
1688984754473,-135742,4233
1688984754476,-135742,4233
1688984754479,-135742,4233
1688984754482,-135742,4233
1688984754485,-135742,4233
1688984754487,-135742,4233
1688984754491,-135742,4233
1688984754494,-135742,4233
1688984754497,-135742,4233
1688984754500,-135742,4233
1688984754503,-135742,4233
1688984754507,-135742,4233
1688984754509,-135742,4233
1688984754512,-135742,4233
1688984754515,-135742,4233
1688984754518,-135742,4233
1688984754521,-135742,4233
1688984754524,-135742,4233
1688984754526,-135742,4233
1688984754529,-135742,4233
1688984754532,-135742,4233
1688984754534,-135742,4233
1688984754537,-135742,4233
1688984754540,-135742,4233
1688984754543,-135742,4233
1688984754547,-135742,4233
1688984754552,-135742,4233
1688984754555,-135742,4233
1688984754557,-135742,4233
1688984754561,-135742,4233
1688984754564,-135742,4233
1688984754567,-135742,4233
1688984754570,-135742,4233
1688984754573,-135742,4233
1688984754575,-135742,4233
1688984754578,-135742,4233
1688984754583,-135742,4233
1688984754587,-135742,4233
1688984754590,-135742,4233
1688984754593,-135742,4233
1688984754595,-135742,4233
1688984754598,-135742,4233
1688984754602,-135742,4233
1688984754607,-135742,4233
1688984754610,-135742,4233
1688984754613,-135742,4233
1688984754616,-135742,4233
1688984754619,-135742,4233
1688984754622,-135742,4233
1688984754625,-135742,4233
1688984754627,-135742,4233
1688984754629,-135742,4233
1688984754631,-135742,4233
1688984754634,-135742,4233
1688984754636,-135742,4233
1688984754638,-135742,4233
1688984754640,-135742,4233
1688984754642,-135742,4233
1688984754645,-135742,4233
1688984754647,-135742,4233
1688984754649,-135742,4233
1688984754651,-135742,4233
1688984754653,-135742,4233
1688984754655,-135742,4233
1688984754657,-135742,4233
1688984754660,-135742,4233
1688984754663,-135742,4233
1688984754665,-135742,4233
1688984754668,-135742,4233
1688984754674,-135742,4233
1688984754676,-135742,4233
1688984754679,-135742,4233
1688984754682,-135742,4233
1688984754685,-135742,4233
1688984754688,-135742,4233
1688984754690,-135742,4233
1688984754693,-135742,4233
1688984754696,-135742,4233
1688984754700,-135742,4233
1688984754702,-135742,4233
1688984754705,-135742,4233
1688984754707,-135742,4233
1688984754709,-135742,4233
1688984754711,-135742,4233
1688984754712,-135742,4233
1688984754713,-135742,4233
1688984754714,-135742,4233
1688984754715,-135742,4233
1688984754719,-135742,4233
1688984754727,-135742,4233
1688984754731,-135742,4233
1688984754735,-135742,4233
1688984754738,-135742,4233
1688984754742,-135742,4233
1688984754748,-135742,4233
1688984754753,-135742,4233
1688984754756,-135742,4233
1688984754758,-135742,4233
1688984754760,-135742,4233
1688984754770,-242675,4233
1688984754772,-242675,4233
1688984754781,-242675,4233
1688984754783,-242675,4233
1688984754785,-242675,4233
1688984754787,-242675,4233
1688984754790,-242675,4233
1688984754792,-242675,4233
1688984754797,-242675,4233
1688984754799,-242675,4233
1688984754801,-242675,4233
1688984754803,-242675,4233
1688984754809,-242675,4233
1688984754820,-242675,4233
1688984754823,-242675,4233
1688984754825,-242675,4233
1688984754826,-242675,4233
1688984754829,-242675,4233
1688984754831,-242675,4233
1688984754833,-242675,4233
1688984754835,-242675,4233
1688984754837,-242675,4233
1688984754840,-242675,4233
1688984754843,-242675,4233
1688984754845,-242675,4233
1688984754848,-242675,4233
1688984754851,-242675,4233
1688984754853,-242675,4233
1688984754856,-242675,4233
1688984754858,-242675,4233
1688984754861,-242675,4233
1688984754863,-242675,4233
1688984754865,-242675,4233
1688984754867,-242675,4233
1688984754870,-242675,4233
1688984754872,-242675,4233
1688984754875,-242675,4233
1688984754878,-242675,4233
1688984754881,-242675,4233
1688984754883,-242675,4233
1688984754888,-242675,4233
1688984754892,-242675,4233
1688984754894,-242675,4233
1688984754898,-242675,4233
1688984754901,-242675,4233
1688984754903,-242675,4233
1688984754906,-242675,4233
1688984754908,-242675,4233
1688984754911,-242675,4233
1688984754913,-242675,4233
1688984754914,-242675,4233
1688984754917,-242675,4233
1688984754918,-242675,4233
1688984754920,-242675,4233
1688984754921,-242675,4233
1688984754922,-242675,4233
1688984754924,-242675,4233
1688984754925,-242675,4233
1688984754926,-242675,4233
1688984754927,-242675,4233
1688984754929,-242675,4233
1688984754931,-242675,4233
1688984754933,-242675,4233
1688984754935,-242675,4233
1688984754937,-242675,4233
1688984754938,-242675,4233
1688984754941,-242675,4233
1688984754943,-242675,4233
1688984754945,-242675,4233
1688984754948,-242675,4233
1688984754950,-242675,4233
1688984754952,-242675,4233
1688984754954,-242675,4233
1688984754957,-242675,4233
1688984754959,-242675,4233
1688984754961,-242675,4233
1688984754963,-242675,4233
1688984754966,-242675,4233
1688984754969,-242675,4233
1688984754971,-242675,4233
1688984754973,-242675,4233
1688984754975,-242675,4233
1688984754977,-242675,4233
1688984754980,-242675,4233
1688984754983,-242675,4233
1688984754986,-242675,4233
1688984754988,-242675,4233
1688984754991,-242675,4233
1688984754994,-242675,4233
1688984754996,-242675,4233
1688984754998,-242675,4233
1688984755000,-242675,4233
1688984755002,-242675,4233
1688984755004,-242675,4233
1688984755005,-242675,4233
1688984755007,-242675,4233
1688984755009,-242675,4233
1688984755011,-242675,4233
1688984755015,-242675,4233
1688984755017,-242675,4233
1688984755018,-242675,4233
1688984755020,-242675,4233
1688984755021,-242675,4233
1688984755023,-242675,4233
1688984755025,-242675,4233
1688984755026,-242675,4233
1688984755027,-242675,4233
1688984755028,-242675,4233
1688984755030,-242675,4233
1688984755031,-242675,4233
1688984755032,-242675,4233
1688984755034,-242675,4233
1688984755035,-242675,4233
1688984755036,-242675,4233
1688984755038,-242675,4233
1688984755039,-242675,4233
1688984755041,-242675,4233
1688984755043,-242675,4233
1688984755045,-242675,4233
1688984755047,-242675,4233
1688984755049,-242675,4233
1688984755051,-242675,4233
1688984755053,-242675,4233
1688984755055,-242675,4233
1688984755057,-242675,4233
1688984755059,-242675,4233
1688984755061,-242675,4233
1688984755063,-242675,4233
1688984755065,-242675,4233
1688984755067,-242675,4233
1688984755069,-242675,4233
1688984755071,-242675,4233
1688984755073,-242675,4233
1688984755074,-242675,4233
1688984755076,-242675,4233
1688984755078,-242675,4233
1688984755081,-242675,4233
1688984755085,-242675,4233
1688984755088,-242675,4233
1688984755093,-242675,4233
1688984755096,-242675,4233
1688984755099,-242675,4233
1688984755103,-242675,4233
1688984755106,-242675,4233
1688984755108,-242675,4233
1688984755111,-242675,4233
1688984755113,-242675,4233
1688984755116,-242675,4233
1688984755118,-242675,4233
1688984755122,-242675,4233
1688984755124,-242675,4233
1688984755127,-242675,4233
1688984755130,-242675,4233
1688984755133,-242675,4233
1688984755135,-242675,4233
1688984755138,-242675,4233
1688984755143,-242675,4233
1688984755146,-242675,4233
1688984755150,-242675,4233
1688984755153,-242675,4233
1688984755156,-242675,4233
1688984755159,-242675,4233
1688984755162,-242675,4233
1688984755165,-242675,4233
1688984755167,-242675,4233
1688984755171,-242675,4233
1688984755174,-242675,4233
1688984755176,-242675,4233
1688984755179,-242675,4233
1688984755182,-242675,4233
1688984755185,-242675,4233
1688984755188,-242675,4233
1688984755191,-242675,4233
1688984755194,-242675,4233
1688984755197,-242675,4233
1688984755200,-242675,4233
1688984755203,-242675,4233
1688984755205,-242675,4233
1688984755208,-242675,4233
1688984755212,-242675,4233
1688984755215,-242675,4233
1688984755217,-242675,4233
1688984755221,-242675,4233
1688984755224,-242675,4233
1688984755226,-242675,4233
1688984755230,-242675,4233
1688984755232,-242675,4233
1688984755235,-242675,4233
1688984755238,-242675,4233
1688984755242,-242675,4233
1688984755245,-242675,4233
1688984755247,-242675,4233
1688984755250,-242675,4233
1688984755253,-242675,4233
1688984755255,-242675,4233
1688984755258,-242675,4233
1688984755263,-242675,4233
1688984755266,-242675,4233
1688984755268,-242675,4233
1688984755271,-242675,4233
1688984755274,-242675,4233
1688984755276,-242675,4233
1688984755280,-242675,4233
1688984755283,-242675,4233
1688984755285,-242675,4233
1688984755288,-242675,4233
1688984755292,-242675,4233
1688984755295,-242675,4233
1688984755297,-242675,4233
1688984755302,-242675,4233
1688984755306,-242675,4233
1688984755310,-242675,4233
1688984755313,-242675,4233
1688984755316,-242675,4233
1688984755320,-242675,4233
1688984755323,-242675,4233
1688984755325,-242675,4233
1688984755328,-242675,4233
1688984755331,-242675,4233
1688984755334,-242675,4233
1688984755337,-242675,4233
1688984755341,-242675,4233
1688984755345,-242675,4233
1688984755348,-242675,4233
1688984755351,-242675,4233
1688984755354,-242675,4233
1688984755357,-242675,4233
1688984755360,-242675,4233
1688984755363,-242675,4233
1688984755366,-242675,4233
1688984755368,-242675,4233
1688984755371,-242675,4233
1688984755374,-242675,4233
1688984755377,-242675,4233
1688984755380,-242675,4233
1688984755384,-242675,4233
1688984755387,-242675,4233
1688984755390,-242675,4233
1688984755393,-242675,4233
1688984755395,-242675,4233
1688984755398,-242675,4233
1688984755401,-242675,4233
1688984755404,-242675,4233
1688984755407,-242675,4233
1688984755410,-242675,4233
1688984755413,-242675,4233
1688984755415,-242675,4233
1688984755417,-242675,4233
1688984755421,-242675,4233
1688984755425,-242675,4233
1688984755428,-242675,4233
1688984755432,-242675,4233
1688984755435,-242675,4233
1688984755437,-242675,4233
1688984755440,-242675,4233
1688984755443,-242675,4233
1688984755445,-242675,4233
1688984755447,-242675,4233
1688984755450,-242675,4233
1688984755453,-242675,4233
1688984755456,-242675,4233
1688984755459,-242675,4233
1688984755463,-242675,4233
1688984755466,-242675,4233
1688984755469,-242675,4233
1688984755473,-242675,4233
1688984755475,-242675,4233
1688984755478,-242675,4233
1688984755482,-242675,4233
1688984755485,-242675,4233
1688984755488,-242675,4233
1688984755491,-242675,4233
1688984755494,-242675,4233
1688984755497,-242675,4233
1688984755499,-242675,4233
1688984755503,-242675,4233
1688984755505,-242675,4233
1688984755508,-242675,4233
1688984755512,-242675,4233
1688984755515,-242675,4233
1688984755518,-242675,4233
1688984755521,-242675,4233
1688984755523,-242675,4233
1688984755526,-242675,4233
1688984755528,-242675,4233
1688984755531,-242675,4233
1688984755534,-242675,4233
1688984755536,-242675,4233
1688984755541,-242675,4233
1688984755544,-242675,4233
1688984755547,-242675,4233
1688984755551,-242675,4233
1688984755553,-242675,4233
1688984755556,-242675,4233
1688984755558,-242675,4233
1688984755561,-242675,4233
1688984755564,-242675,4233
1688984755567,-242675,4233
1688984755570,-242675,4233
1688984755573,-242675,4233
1688984755575,-242675,4233
1688984755578,-242675,4233
1688984755581,-242675,4233
1688984755584,-242675,4233
1688984755586,-242675,4233
1688984755590,-242675,4233
1688984755592,-242675,4233
1688984755594,-242675,4233
1688984755596,-242675,4233
1688984755598,-242675,4233
1688984755601,-242675,4233
1688984755604,-242675,4233
1688984755613,-242675,4233
1688984755618,-242675,4233
1688984755622,-242675,4233
1688984755625,-242675,4233
1688984755628,-242675,4233
1688984755632,-242675,4233
1688984755635,-242675,4233
1688984755637,-242675,4233
1688984755641,-242675,4233
1688984755644,-242675,4233
1688984755646,-242675,4233
1688984755650,-242675,4233
1688984755653,-242675,4233
1688984755655,-242675,4233
1688984755660,-242675,4233
1688984755663,-242675,4233
1688984755666,-242675,4233
1688984755670,-242675,4233
1688984755673,-242675,4233
1688984755675,-242675,4233
1688984755678,-242675,4233
1688984755682,-242675,4233
1688984755685,-242675,4233
1688984755687,-242675,4233
1688984755691,-242675,4233
1688984755693,-242675,4233
1688984755696,-242675,4233
1688984755698,-242675,4233
1688984755702,-242675,4233
1688984755705,-242675,4233
1688984755708,-242675,4233
1688984755711,-242675,4233
1688984755714,-242675,4233
1688984755716,-242675,4233
1688984755719,-242675,4233
1688984755722,-242675,4233
1688984755725,-242675,4233
1688984755728,-242675,4233
1688984755731,-242675,4233
1688984755733,-242675,4233
1688984755735,-242675,4233
1688984755738,-242675,4233
1688984755741,-242675,4233
1688984755745,-242675,4233
1688984755748,-242675,4233
1688984755751,-242675,4233
1688984755753,-242675,4233
1688984755755,-242675,4233
1688984755757,-242675,4233
1688984755760,-242675,4233
1688984755762,-242675,4233
1688984755764,-242675,4233
1688984755766,-242675,4233
1688984755768,-242675,4233
1688984755771,-242675,4233
1688984755773,-242675,4233
1688984755775,-242675,4233
1688984755778,-242675,4233
1688984755782,-242675,4233
1688984755784,-242675,4233
1688984755786,-242675,4233
1688984755788,-242675,4233
1688984755791,-242675,4233
1688984755793,-242675,4233
1688984755795,-242675,4233
1688984755797,-242675,4233
1688984755800,-242675,4233
1688984755802,-242675,4233
1688984755804,-242675,4233
1688984755806,-242675,4233
1688984755808,-242675,4233
1688984755810,-242675,4233
1688984755812,-242675,4233
1688984755814,-242675,4233
1688984755816,-242675,4233
1688984755820,-242675,4233
1688984755822,-242675,4233
1688984755824,-242675,4233
1688984755826,-242675,4233
1688984755828,-242675,4233
1688984755831,-242675,4233
1688984755833,-242675,4233
1688984755835,-242675,4233
1688984755838,-242675,4233
1688984755840,-242675,4233
1688984755842,-242675,4233
1688984755844,-242675,4233
1688984755846,-242675,4233
1688984755848,-242675,4233
1688984755851,-242675,4233
1688984755853,-242675,4233
1688984755856,-242675,4233
1688984755858,-242675,4233
1688984755860,-242675,4233
1688984755862,-242675,4233
1688984755864,-242675,4233
1688984755867,-242675,4233
1688984755869,-242675,4233
1688984755872,-242675,4233
1688984755874,-242675,4233
1688984755876,-242675,4233
1688984755878,-242675,4233
1688984755880,-242675,4233
1688984755882,-242675,4233
1688984755885,-242675,4233
1688984755887,-242675,4233
1688984755889,-242675,4233
1688984755891,-242675,4233
1688984755893,-242675,4233
1688984755896,-242675,4233
1688984755900,-242675,4233
1688984755902,-242675,4233
1688984755904,-242675,4233
1688984755907,-242675,4233
1688984755909,-242675,4233
1688984755911,-242675,4233
1688984755913,-242675,4233
1688984755915,-242675,4233
1688984755918,-242675,4233
1688984755920,-242675,4233
1688984755923,-242675,4233
1688984755925,-242675,4233
1688984755927,-242675,4233
1688984755930,-242675,4233
1688984755932,-242675,4233
1688984755934,-242675,4233
1688984755937,-242675,4233
1688984755939,-242675,4233
1688984755941,-242675,4233
1688984755943,-242675,4233
1688984755945,-242675,4233
1688984755948,-242675,4233
1688984755951,-242675,4233
1688984755953,-242675,4233
1688984755955,-242675,4233
1688984755957,-242675,4233
1688984755959,-242675,4233
1688984755962,-242675,4233
1688984755964,-242675,4233
1688984755966,-242675,4233
1688984755969,-242675,4233
1688984755971,-242675,4233
1688984755973,-242675,4233
1688984755975,-242675,4233
1688984755978,-242675,4233
1688984755981,-242675,4233
1688984755984,-242675,4233
1688984755986,-242675,4233
1688984755990,-242675,4233
1688984755993,-242675,4233
1688984755996,-242675,4233
1688984755999,-242675,4233
1688984756002,-242675,4233
1688984756005,-242675,4233
1688984756008,-242675,4233
1688984756011,-242675,4233
1688984756013,-242675,4233
1688984756016,-242675,4233
1688984756021,-242675,4233
1688984756024,-242675,4233
1688984756027,-242675,4233
1688984756031,-242675,4233
1688984756034,-242675,4233
1688984756037,-242675,4233
1688984756040,-242675,4233
1688984756043,-242675,4233
1688984756046,-242675,4233
1688984756048,-242675,4233
1688984756051,-242675,4233
1688984756054,-242675,4233
1688984756058,-242675,4233
1688984756061,-242675,4233
1688984756064,-242675,4233
1688984756067,-242675,4233
1688984756070,-242675,4233
1688984756073,-242675,4233
1688984756075,-242675,4233
1688984756078,-242675,4233
1688984756081,-242675,4233
1688984756084,-242675,4233
1688984756087,-242675,4233
1688984756090,-242675,4233
1688984756093,-242675,4233
1688984756095,-242675,4233
1688984756098,-242675,4233
1688984756102,-242675,4233
1688984756104,-242675,4233
1688984756107,-242675,4233
1688984756111,-242675,4233
1688984756114,-242675,4233
1688984756116,-242675,4233
1688984756119,-242675,4233
1688984756123,-242675,4233
1688984756125,-242675,4233
1688984756128,-242675,4233
1688984756131,-242675,4233
1688984756134,-242675,4233
1688984756137,-242675,4233
1688984756141,-242675,4233
1688984756144,-242675,4233
1688984756146,-242675,4233
1688984756149,-242675,4233
1688984756151,-242675,4233
1688984756154,-242675,4233
1688984756157,-242675,4233
1688984756160,-242675,4233
1688984756163,-242675,4233
1688984756165,-242675,4233
1688984756168,-242675,4233
1688984756171,-242675,4233
1688984756174,-242675,4233
1688984756177,-242675,4233
1688984756180,-242675,4233
1688984756183,-242675,4233
1688984756186,-242675,4233
1688984756189,-242675,4233
1688984756191,-242675,4233
1688984756194,-242675,4233
1688984756196,-242675,4233
1688984756201,-242675,4233
1688984756203,-242675,4233
1688984756206,-242675,4233
1688984756209,-242675,4233
1688984756212,-242675,4233
1688984756215,-242675,4233
1688984756218,-242675,4233
1688984756222,-242675,4233
1688984756225,-242675,4233
1688984756228,-242675,4233
1688984756231,-242675,4233
1688984756234,-138183,4233
1688984756236,-138183,4233
1688984756240,-138183,4233
1688984756243,-138183,4233
1688984756245,-138183,4233
1688984756248,-138183,4233
1688984756250,-138183,4233
1688984756253,-138183,4233
1688984756256,-138183,4233
1688984756260,-138183,4233
1688984756263,-138183,4233
1688984756266,-138183,4233
1688984756268,-138183,4233
1688984756271,-138183,4233
1688984756274,-138183,4233
1688984756276,-138183,4233
1688984756279,-138183,4233
1688984756282,-138183,4233
1688984756285,-138183,4233
1688984756287,-138183,4233
1688984756291,-138183,4233
1688984756294,-138183,4233
1688984756297,-138183,4233
1688984756300,-138183,4233
1688984756303,-138183,4233
1688984756306,-138183,4233
1688984756309,-138183,4233
1688984756312,-138183,4233
1688984756315,-138183,4233
1688984756317,-138183,4233
1688984756321,-138183,4233
1688984756324,-138183,4233
1688984756326,-138183,4233
1688984756329,-138183,4233
1688984756332,-138183,4233
1688984756335,-138183,4233
1688984756338,-138183,4233
1688984756342,-138183,4233
1688984756344,-138183,4233
1688984756347,-138183,4233
1688984756351,-138183,4233
1688984756354,-138183,4233
1688984756357,-138183,4233
1688984756362,-138183,4233
1688984756365,-138183,4233
1688984756368,-138183,4233
1688984756370,-138183,4233
1688984756374,-138183,4233
1688984756377,-138183,4233
1688984756380,-138183,4233
1688984756382,-138183,4233
1688984756385,-138183,4233
1688984756388,-138183,4233
1688984756391,-138183,4233
1688984756394,-138183,4233
1688984756396,-138183,4233
1688984756399,-138183,4233
1688984756403,-138183,4233
1688984756405,-138183,4233
1688984756408,-138183,4233
1688984756411,-138183,4233
1688984756415,-138183,4233
1688984756418,-138183,4233
1688984756421,-138183,4233
1688984756423,-138183,4233
1688984756426,-138183,4233
1688984756428,-138183,4233
1688984756431,-138183,4233
1688984756434,-138183,4233
1688984756436,-138183,4233
1688984756439,-138183,4233
1688984756441,-138183,4233
1688984756444,-138183,4233
1688984756447,-138183,4233
1688984756450,-138183,4233
1688984756455,-138183,4233
1688984756458,-138183,4233
1688984756461,-138183,4233
1688984756463,-138183,4233
1688984756466,-138183,4233
1688984756469,-138183,4233
1688984756472,-138183,4233
1688984756474,-138183,4233
1688984756477,-138183,4233
1688984756480,-138183,4233
1688984756483,-138183,4233
1688984756485,-138183,4233
1688984756488,-138183,4233
1688984756491,-138183,4233
1688984756495,-138183,4233
1688984756498,-138183,4233
1688984756502,-138183,4233
1688984756505,-138183,4233
1688984756507,-138183,4233
1688984756510,-138183,4233
1688984756513,-138183,4233
1688984756515,-138183,4233
1688984756518,-138183,4233
1688984756521,-138183,4233
1688984756525,-138183,4233
1688984756527,-138183,4233
1688984756530,-138183,4233
1688984756533,-138183,4233
1688984756537,-138183,4233
1688984756540,-138183,4233
1688984756543,-138183,4233
1688984756546,-138183,4233
1688984756548,-138183,4233
1688984756551,-138183,4233
1688984756554,-138183,4233
1688984756557,-138183,4233
1688984756560,-138183,4233
1688984756562,-138183,4233
1688984756565,-138183,4233
1688984756567,-138183,4233
1688984756570,-138183,4233
1688984756573,-138183,4233
1688984756576,-138183,4233
1688984756579,-138183,4233
1688984756582,-138183,4233
1688984756585,-138183,4233
1688984756588,-138183,4233
1688984756592,-138183,4233
1688984756595,-138183,4233
1688984756597,-138183,4233
1688984756601,-138183,4233
1688984756606,-138183,4233
1688984756608,-138183,4233
1688984756612,-138183,4233
1688984756616,-138183,4233
1688984756625,-138183,4233
1688984756631,-138183,4233
1688984756635,-138183,4233
1688984756638,-138183,4233
1688984756641,-138183,4233
1688984756644,-138183,4233
1688984756645,-138183,4233
1688984756647,-138183,4233
1688984756648,-138183,4233
1688984756653,-138183,4233
1688984756656,-138183,4233
1688984756658,-138183,4233
1688984756660,-138183,4233
1688984756662,-138183,4233
1688984756663,-138183,4233
1688984756664,-138183,4233
1688984756665,-138183,4233
1688984756666,-138183,4233
1688984756667,-138183,4233
1688984756668,-138183,4233
1688984756669,-138183,4233
1688984756671,-138183,4233
1688984756672,-138183,4233
1688984756673,-138183,4233
1688984756674,-138183,4233
1688984756675,-138183,4233
1688984756676,-138183,4233
1688984756677,-138183,4233
1688984756678,-138183,4233
1688984756679,-138183,4233
1688984756681,-138183,4233
1688984756683,-138183,4233
1688984756684,-138183,4233
1688984756685,-138183,4233
1688984756687,-138183,4233
1688984756688,-138183,4233
1688984756690,-138183,4233
1688984756692,-138183,4233
1688984756694,-138183,4233
1688984756695,-138183,4233
1688984756696,-138183,4233
1688984756698,-138183,4233
1688984756700,-138183,4233
1688984756702,-138183,4233
1688984756704,-138183,4233
1688984756706,-138183,4233
1688984756708,-138183,4233
1688984756710,-138183,4233
1688984756712,-138183,4233
1688984756714,-138183,4233
1688984756716,-138183,4233
1688984756718,-138183,4233
1688984756720,-138183,4233
1688984756722,-138183,4233
1688984756724,-138183,4233
1688984756726,-138183,4233
1688984756728,-138183,4233
1688984756730,-138183,4233
1688984756732,-138183,4233
1688984756734,-138183,4233
1688984756738,-138183,4233
1688984756743,-138183,4233
1688984756745,-138183,4233
1688984756747,-138183,4233
1688984756750,-138183,4233
1688984756754,-138183,4233
1688984756757,-138183,4233
1688984756762,-138183,4233
1688984756765,-138183,4233
1688984756774,-138183,4233
1688984756780,-138183,4233
1688984756784,-138183,4233
1688984756787,-138183,4233
1688984756790,-138183,4233
1688984756792,-138183,4233
1688984756804,-138183,4233
1688984756809,-138183,4233
1688984756813,-138183,4233
1688984756815,-138183,4233
1688984756818,-138183,4233
1688984756822,-138183,4233
1688984756825,-138183,4233
1688984756828,-138183,4233
1688984756833,-138183,4233
1688984756837,-138183,4233
1688984756842,-138183,4233
1688984756845,-138183,4233
1688984756847,-138183,4233
1688984756848,-138183,4233
1688984756850,-138183,4233
1688984756852,-138183,4233
1688984756854,-138183,4233
1688984756855,-138183,4233
1688984756857,-138183,4233
1688984756858,-138183,4233
1688984756860,-138183,4233
1688984756861,-138183,4233
1688984756863,-138183,4233
1688984756864,-138183,4233
1688984756866,-138183,4233
1688984756868,-138183,4233
1688984756870,-138183,4233
1688984756872,-138183,4233
1688984756874,-138183,4233
1688984756875,-138183,4233
1688984756876,-138183,4233
1688984756878,-138183,4233
1688984756880,-138183,4233
1688984756883,-138183,4233
1688984756885,-138183,4233
1688984756887,-138183,4233
1688984756891,-138183,4233
1688984756893,-138183,4233
1688984756896,-138183,4233
1688984756898,-138183,4233
1688984756901,-138183,4233
1688984756903,-138183,4233
1688984756906,-138183,4233
1688984756908,-138183,4233
1688984756910,-138183,4233
1688984756912,-138183,4233
1688984756914,-138183,4233
1688984756916,-138183,4233
1688984756918,-138183,4233
1688984756920,-138183,4233
1688984756923,-138183,4233
1688984756925,-138183,4233
1688984756927,-138183,4233
1688984756929,-138183,4233
1688984756932,-138183,4233
1688984756934,-138183,4233
1688984756936,-138183,4233
1688984756938,-138183,4233
1688984756940,-138183,4233
1688984756942,-138183,4233
1688984756944,-138183,4233
1688984756946,-138183,4233
1688984756948,-138183,4233
1688984756950,-138183,4233
1688984756952,-138183,4233
1688984756954,-138183,4233
1688984756956,-138183,4233
1688984756958,-138183,4233
1688984756961,-138183,4233
1688984756963,-138183,4233
1688984756965,-138183,4233
1688984756967,-138183,4233
1688984756970,-138183,4233
1688984756972,-138183,4233
1688984756974,-138183,4233
1688984756976,-138183,4233
1688984756978,-138183,4233
1688984756981,-138183,4233
1688984756983,-138183,4233
1688984756985,-138183,4233
1688984756987,-138183,4233
1688984756989,-138183,4233
1688984756991,-138183,4233
1688984756993,-138183,4233
1688984756995,-138183,4233
1688984756997,-138183,4233
1688984756999,-138183,4233
1688984757002,-138183,4233
1688984757004,-138183,4233
1688984757006,-138183,4233
1688984757008,-138183,4233
1688984757011,-138183,4233
1688984757013,-138183,4233
1688984757015,-138183,4233
1688984757017,-138183,4233
1688984757020,-138183,4233
1688984757022,-138183,4233
1688984757024,-138183,4233
1688984757026,-138183,4233
1688984757028,-138183,4233
1688984757031,-138183,4233
1688984757033,-138183,4233
1688984757035,-138183,4233
1688984757037,-138183,4233
1688984757039,-138183,4233
1688984757042,-138183,4233
1688984757044,-138183,4233
1688984757046,-138183,4233
1688984757048,-138183,4233
1688984757050,-138183,4233
1688984757053,-138183,4233
1688984757055,-138183,4233
1688984757057,-138183,4233
1688984757059,-138183,4233
1688984757061,-138183,4233
1688984757063,-138183,4233
1688984757065,-138183,4233
1688984757067,-138183,4233
1688984757069,-138183,4233
1688984757071,-138183,4233
1688984757073,-138183,4233
1688984757075,-138183,4233
1688984757077,-138183,4233
1688984757080,-138183,4233
1688984757082,-138183,4233
1688984757084,-138183,4233
1688984757087,-138183,4233
1688984757090,-138183,4233
1688984757093,-138183,4233
1688984757095,-138183,4233
1688984757097,-138183,4233
1688984757100,-138183,4233
1688984757102,-138183,4233
1688984757105,-138183,4233
1688984757107,-138183,4233
1688984757110,-138183,4233
1688984757113,-138183,4233
1688984757115,-138183,4233
1688984757118,-138183,4233
1688984757121,-138183,4233
1688984757124,-138183,4233
1688984757126,-138183,4233
1688984757130,-138183,4233
1688984757134,-138183,4233
1688984757136,-138183,4233
1688984757139,-138183,4233
1688984757142,-138183,4233
1688984757145,-138183,4233
1688984757148,-138183,4233
1688984757151,-138183,4233
1688984757153,-138183,4233
1688984757156,-138183,4233
1688984757158,-138183,4233
1688984757161,-138183,4233
1688984757164,-138183,4233
1688984757167,-138183,4233
1688984757169,-138183,4233
1688984757172,-138183,4233
1688984757175,-138183,4233
1688984757177,-138183,4233
1688984757180,-138183,4233
1688984757183,-138183,4233
1688984757186,-138183,4233
1688984757188,-138183,4233
1688984757191,-138183,4233
1688984757194,-138183,4233
1688984757197,-138183,4233
1688984757199,-138183,4233
1688984757203,-138183,4233
1688984757205,-138183,4233
1688984757208,-138183,4233
1688984757212,-138183,4233
1688984757215,-138183,4233
1688984757219,-138183,4233
1688984757222,-138183,4233
1688984757225,-138183,4233
1688984757228,-138183,4233
1688984757232,-138183,4233
1688984757234,-138183,4233
1688984757237,-138183,4233
1688984757240,-138183,4233
1688984757243,-138183,4233
1688984757245,-138183,4233
1688984757248,-138183,4233
1688984757252,-138183,4233
1688984757255,-138183,4233
1688984757258,-138183,4233
1688984757261,-138183,4233
1688984757263,-138183,4233
1688984757266,-138183,4233
1688984757268,-138183,4233
1688984757271,-138183,4233
1688984757273,-138183,4233
1688984757276,-138183,4233
1688984757279,-138183,4233
1688984757282,-138183,4233
1688984757285,-138183,4233
1688984757288,-138183,4233
1688984757292,-138183,4233
1688984757295,-138183,4233
1688984757298,-138183,4233
1688984757301,-138183,4233
1688984757304,-138183,4233
1688984757307,-138183,4233
1688984757310,-138183,4233
1688984757313,-138183,4233
1688984757316,-138183,4233
1688984757320,-138183,4233
1688984757323,-138183,4233
1688984757325,-138183,4233
1688984757328,-138183,4233
1688984757332,-138183,4233
1688984757335,-138183,4233
1688984757338,-138183,4233
1688984757341,-138183,4233
1688984757344,-138183,4233
1688984757347,-138183,4233
1688984757350,-138183,4233
1688984757353,-138183,4233
1688984757355,-138183,4233
1688984757358,-138183,4233
1688984757361,-138183,4233
1688984757363,-138183,4233
1688984757366,-138183,4233
1688984757369,-138183,4233
1688984757373,-138183,4233
1688984757376,-138183,4233
1688984757379,-138183,4233
1688984757382,-138183,4233
1688984757385,-138183,4233
1688984757387,-138183,4233
1688984757390,-138183,4233
1688984757392,-138183,4233
1688984757395,-138183,4233
1688984757397,-138183,4233
1688984757400,-138183,4233
1688984757403,-138183,4233
1688984757406,-138183,4233
1688984757408,-138183,4233
1688984757412,-138183,4233
1688984757415,-138183,4233
1688984757418,-138183,4233
1688984757422,-138183,4233
1688984757425,-138183,4233
1688984757428,-138183,4233
1688984757432,-138183,4233
1688984757435,-138183,4233
1688984757437,-138183,4233
1688984757441,-138183,4233
1688984757443,-138183,4233
1688984757446,-138183,4233
1688984757448,-138183,4233
1688984757452,-138183,4233
1688984757455,-138183,4233
1688984757457,-138183,4233
1688984757461,-138183,4233
1688984757464,-138183,4233
1688984757467,-138183,4233
1688984757470,-138183,4233
1688984757473,-138183,4233
1688984757475,-138183,4233
1688984757478,-138183,4233
1688984757482,-138183,4233
1688984757484,-138183,4233
1688984757486,-138183,4233
1688984757490,-138183,4233
1688984757494,-138183,4233
1688984757496,-138183,4233
1688984757499,-138183,4233
1688984757502,-138183,4233
1688984757505,-138183,4233
1688984757507,-138183,4233
1688984757510,-138183,4233
1688984757513,-138183,4233
1688984757516,-138183,4233
1688984757520,-138183,4233
1688984757523,-138183,4233
1688984757527,-138183,4233
1688984757531,-138183,4233
1688984757534,-138183,4233
1688984757536,-138183,4233
1688984757539,-138183,4233
1688984757542,-138183,4233
1688984757544,-138183,4233
1688984757547,-138183,4233
1688984757551,-138183,4233
1688984757553,-138183,4233
1688984757556,-138183,4233
1688984757558,-138183,4233
1688984757561,-138183,4233
1688984757564,-138183,4233
1688984757567,-138183,4233
1688984757571,-138183,4233
1688984757574,-138183,4233
1688984757577,-138183,4233
1688984757580,-138183,4233
1688984757584,-138183,4233
1688984757586,-138183,4233
1688984757589,-138183,4233
1688984757592,-138183,4233
1688984757595,-138183,4233
1688984757597,-138183,4233
1688984757600,-138183,4233
1688984757603,-138183,4233
1688984757607,-138183,4233
1688984757611,-138183,4233
1688984757615,-138183,4233
1688984757617,-138183,4233
1688984757621,-138183,4233
1688984757626,-138183,4233
1688984757630,-138183,4233
1688984757633,-138183,4233
1688984757635,-138183,4233
1688984757638,-138183,4233
1688984757641,-138183,4233
1688984757644,-138183,4233
1688984757647,-138183,4233
1688984757651,-138183,4233
1688984757654,-138183,4233
1688984757657,-138183,4233
1688984757660,-138183,4233
1688984757663,-138183,4233
1688984757666,-138183,4233
1688984757668,-138183,4233
1688984757671,-138183,4233
1688984757674,-138183,4233
1688984757676,-138183,4233
1688984757679,-138183,4233
1688984757682,-138183,4233
1688984757684,-138183,4233
1688984757688,-138183,4233
1688984757691,-138183,4233
1688984757694,-138183,4233
1688984757696,-138183,4233
1688984757698,-138183,4233
1688984757702,-138183,4233
1688984757705,-143066,4233
1688984757707,-143066,4233
1688984757711,-143066,4233
1688984757713,-143066,4233
1688984757716,-143066,4233
1688984757719,-143066,4233
1688984757723,-143066,4233
1688984757725,-143066,4233
1688984757729,-143066,4233
1688984757733,-143066,4233
1688984757736,-143066,4233
1688984757738,-143066,4233
1688984757742,-143066,4233
1688984757745,-143066,4233
1688984757748,-143066,4233
1688984757751,-143066,4233
1688984757753,-143066,4233
1688984757756,-143066,4233
1688984757760,-143066,4233
1688984757763,-143066,4233
1688984757766,-143066,4233
1688984757770,-143066,4233
1688984757773,-143066,4233
1688984757776,-143066,4233
1688984757779,-143066,4233
1688984757781,-143066,4233
1688984757784,-143066,4233
1688984757787,-143066,4233
1688984757790,-143066,4233
1688984757793,-143066,4233
1688984757796,-143066,4233
1688984757799,-143066,4233
1688984757801,-143066,4233
1688984757804,-143066,4233
1688984757808,-143066,4233
1688984757811,-143066,4233
1688984757814,-143066,4233
1688984757817,-143066,4233
1688984757821,-143066,4233
1688984757824,-143066,4233
1688984757827,-143066,4233
1688984757830,-143066,4233
1688984757833,-143066,4233
1688984757836,-143066,4233
1688984757838,-143066,4233
1688984757841,-143066,4233
1688984757844,-143066,4233
1688984757848,-143066,4233
1688984757851,-143066,4233
1688984757854,-143066,4233
1688984757857,-143066,4233
1688984757860,-143066,4233
1688984757864,-143066,4233
1688984757867,-143066,4233
1688984757870,-143066,4233
1688984757873,-143066,4233
1688984757876,-143066,4233
1688984757878,-143066,4233
1688984757882,-143066,4233
1688984757885,-143066,4233
1688984757890,-143066,4233
1688984757893,-143066,4233
1688984757896,-143066,4233
1688984757898,-143066,4233
1688984757901,-143066,4233
1688984757905,-143066,4233
1688984757908,-143066,4233
1688984757912,-143066,4233
1688984757915,-143066,4233
1688984757918,-143066,4233
1688984757922,-143066,4233
1688984757925,-143066,4233
1688984757929,-143066,4233
1688984757933,-143066,4233
1688984757935,-143066,4233
1688984757938,-143066,4233
1688984757942,-143066,4233
1688984757945,-143066,4233
1688984757948,-143066,4233
1688984757951,-143066,4233
1688984757954,-143066,4233
1688984757956,-143066,4233
1688984757960,-143066,4233
1688984757963,-143066,4233
1688984757967,-143066,4233
1688984757971,-143066,4233
1688984757974,-143066,4233
1688984757977,-143066,4233
1688984757980,-143066,4233
1688984757982,-143066,4233
1688984757985,-143066,4233
1688984757987,-143066,4233
1688984757990,-143066,4233
1688984757993,-143066,4233
1688984757995,-143066,4233
1688984757998,-143066,4233
1688984758001,-143066,4233
1688984758003,-143066,4233
1688984758005,-143066,4233
1688984758008,-143066,4233
1688984758010,-143066,4233
1688984758013,-143066,4233
1688984758015,-143066,4233
1688984758017,-143066,4233
1688984758019,-143066,4233
1688984758021,-143066,4233
1688984758023,-143066,4233
1688984758026,-143066,4233
1688984758028,-143066,4233
1688984758030,-143066,4233
1688984758032,-143066,4233
1688984758035,-143066,4233
1688984758037,-143066,4233
1688984758039,-143066,4233
1688984758041,-143066,4233
1688984758044,-143066,4233
1688984758046,-143066,4233
1688984758049,-143066,4233
1688984758051,-143066,4233
1688984758053,-143066,4233
1688984758055,-143066,4233
1688984758057,-143066,4233
1688984758059,-143066,4233
1688984758062,-143066,4233
1688984758064,-143066,4233
1688984758066,-143066,4233
1688984758068,-143066,4233
1688984758070,-143066,4233
1688984758072,-143066,4233
1688984758074,-143066,4233
1688984758077,-143066,4233
1688984758079,-143066,4233
1688984758081,-143066,4233
1688984758083,-143066,4233
1688984758085,-143066,4233
1688984758087,-143066,4233
1688984758090,-143066,4233
1688984758092,-143066,4233
1688984758094,-143066,4233
1688984758096,-143066,4233
1688984758098,-143066,4233
1688984758101,-143066,4233
1688984758102,-143066,4233
1688984758104,-143066,4233
1688984758106,-143066,4233
1688984758108,-143066,4233
1688984758110,-143066,4233
1688984758112,-143066,4233
1688984758114,-143066,4233
1688984758116,-143066,4233
1688984758118,-143066,4233
1688984758121,-143066,4233
1688984758123,-143066,4233
1688984758124,-143066,4233
1688984758126,-143066,4233
1688984758128,-143066,4233
1688984758129,-143066,4233
1688984758131,-143066,4233
1688984758132,-143066,4233
1688984758134,-143066,4233
1688984758135,-143066,4233
1688984758137,-143066,4233
1688984758138,-143066,4233
1688984758140,-143066,4233
1688984758142,-143066,4233
1688984758144,-143066,4233
1688984758145,-143066,4233
1688984758147,-143066,4233
1688984758149,-143066,4233
1688984758150,-143066,4233
1688984758152,-143066,4233
1688984758153,-143066,4233
1688984758155,-143066,4233
1688984758156,-143066,4233
1688984758158,-143066,4233
1688984758160,-143066,4233
1688984758163,-143066,4233
1688984758166,-143066,4233
1688984758169,-143066,4233
1688984758171,-143066,4233
1688984758173,-143066,4233
1688984758176,-143066,4233
1688984758177,-143066,4233
1688984758180,-143066,4233
1688984758182,-143066,4233
1688984758185,-143066,4233
1688984758187,-143066,4233
1688984758189,-143066,4233
1688984758191,-143066,4233
1688984758194,-143066,4233
1688984758196,-143066,4233
1688984758197,-143066,4233
1688984758200,-143066,4233
1688984758202,-143066,4233
1688984758205,-143066,4233
1688984758207,-143066,4233
1688984758209,-143066,4233
1688984758212,-143066,4233
1688984758214,-143066,4233
1688984758216,-143066,4233
1688984758218,-143066,4233
1688984758220,-143066,4233
1688984758223,-143066,4233
1688984758225,-143066,4233
1688984758227,-143066,4233
1688984758230,-143066,4233
1688984758232,-143066,4233
1688984758235,-143066,4233
1688984758237,-143066,4233
1688984758241,-143066,4233
1688984758244,-143066,4233
1688984758247,-143066,4233
1688984758250,-143066,4233
1688984758253,-143066,4233
1688984758256,-143066,4233
1688984758259,-143066,4233
1688984758262,-143066,4233
1688984758265,-143066,4233
1688984758268,-143066,4233
1688984758271,-143066,4233
1688984758274,-143066,4233
1688984758276,-143066,4233
1688984758279,-143066,4233
1688984758282,-143066,4233
1688984758285,-143066,4233
1688984758288,-143066,4233
1688984758291,-143066,4233
1688984758294,-143066,4233
1688984758296,-143066,4233
1688984758299,-143066,4233
1688984758302,-143066,4233
1688984758305,-143066,4233
1688984758307,-143066,4233
1688984758310,-143066,4233
1688984758313,-143066,4233
1688984758316,-143066,4233
1688984758318,-143066,4233
1688984758321,-143066,4233
1688984758324,-143066,4233
1688984758328,-143066,4233
1688984758332,-143066,4233
1688984758335,-143066,4233
1688984758338,-143066,4233
1688984758341,-143066,4233
1688984758344,-143066,4233
1688984758347,-143066,4233
1688984758349,-143066,4233
1688984758352,-143066,4233
1688984758355,-143066,4233
1688984758364,-143066,4233
1688984758368,-143066,4233
1688984758371,-143066,4233
1688984758374,-143066,4233
1688984758377,-143066,4233
1688984758380,-143066,4233
1688984758383,-143066,4233
1688984758385,-143066,4233
1688984758388,-143066,4233
1688984758392,-143066,4233
1688984758395,-143066,4233
1688984758397,-143066,4233
1688984758399,-143066,4233
1688984758403,-143066,4233
1688984758407,-143066,4233
1688984758410,-143066,4233
1688984758413,-143066,4233
1688984758416,-143066,4233
1688984758418,-143066,4233
1688984758422,-143066,4233
1688984758425,-143066,4233
1688984758428,-143066,4233
1688984758431,-143066,4233
1688984758434,-143066,4233
1688984758437,-143066,4233
1688984758440,-143066,4233
1688984758443,-143066,4233
1688984758447,-143066,4233
1688984758450,-143066,4233
1688984758453,-143066,4233
1688984758456,-143066,4233
1688984758459,-143066,4233
1688984758462,-143066,4233
1688984758465,-143066,4233
1688984758468,-143066,4233
1688984758470,-143066,4233
1688984758473,-143066,4233
1688984758475,-143066,4233
1688984758478,-143066,4233
1688984758481,-143066,4233
1688984758485,-143066,4233
1688984758489,-143066,4233
1688984758492,-143066,4233
1688984758495,-143066,4233
1688984758498,-143066,4233
1688984758501,-143066,4233
1688984758504,-143066,4233
1688984758506,-143066,4233
1688984758508,-143066,4233
1688984758511,-143066,4233
1688984758515,-143066,4233
1688984758518,-143066,4233
1688984758521,-143066,4233
1688984758524,-143066,4233
1688984758527,-143066,4233
1688984758531,-143066,4233
1688984758534,-143066,4233
1688984758536,-143066,4233
1688984758540,-143066,4233
1688984758543,-143066,4233
1688984758545,-143066,4233
1688984758548,-143066,4233
1688984758551,-143066,4233
1688984758554,-143066,4233
1688984758556,-143066,4233
1688984758558,-143066,4233
1688984758562,-143066,4233
1688984758565,-143066,4233
1688984758568,-143066,4233
1688984758572,-143066,4233
1688984758575,-143066,4233
1688984758577,-143066,4233
1688984758581,-143066,4233
1688984758584,-143066,4233
1688984758587,-143066,4233
1688984758590,-143066,4233
1688984758593,-143066,4233
1688984758595,-143066,4233
1688984758598,-143066,4233
1688984758602,-143066,4233
1688984758606,-143066,4233
1688984758609,-143066,4233
1688984758612,-143066,4233
1688984758614,-143066,4233
1688984758617,-143066,4233
1688984758620,-143066,4233
1688984758628,-143066,4233
1688984758633,-143066,4233
1688984758636,-143066,4233
1688984758640,-143066,4233
1688984758643,-143066,4233
1688984758646,-143066,4233
1688984758649,-143066,4233
1688984758652,-143066,4233
1688984758655,-143066,4233
1688984758658,-143066,4233
1688984758662,-143066,4233
1688984758666,-143066,4233
1688984758671,-143066,4233
1688984758676,-143066,4233
1688984758681,-143066,4233
1688984758685,-143066,4233
1688984758691,-143066,4233
1688984758696,-143066,4233
1688984758701,-143066,4233
1688984758703,-143066,4233
1688984758705,-143066,4233
1688984758706,-143066,4233
1688984758708,-143066,4233
1688984758710,-143066,4233
1688984758711,-143066,4233
1688984758713,-143066,4233
1688984758714,-143066,4233
1688984758715,-143066,4233
1688984758717,-143066,4233
1688984758719,-143066,4233
1688984758721,-143066,4233
1688984758723,-143066,4233
1688984758725,-143066,4233
1688984758726,-143066,4233
1688984758728,-143066,4233
1688984758729,-143066,4233
1688984758731,-143066,4233
1688984758733,-143066,4233
1688984758734,-143066,4233
1688984758735,-143066,4233
1688984758737,-143066,4233
1688984758738,-143066,4233
1688984758740,-143066,4233
1688984758741,-143066,4233
1688984758743,-143066,4233
1688984758745,-143066,4233
1688984758746,-143066,4233
1688984758748,-143066,4233
1688984758749,-143066,4233
1688984758751,-143066,4233
1688984758753,-143066,4233
1688984758754,-143066,4233
1688984758756,-143066,4233
1688984758757,-143066,4233
1688984758758,-143066,4233
1688984758761,-143066,4233
1688984758764,-143066,4233
1688984758767,-143066,4233
1688984758771,-143066,4233
1688984758774,-143066,4233
1688984758777,-143066,4233
1688984758781,-143066,4233
1688984758784,-143066,4233
1688984758787,-143066,4233
1688984758790,-143066,4233
1688984758793,-143066,4233
1688984758795,-143066,4233
1688984758798,-143066,4233
1688984758802,-143066,4233
1688984758805,-143066,4233
1688984758808,-143066,4233
1688984758811,-143066,4233
1688984758814,-143066,4233
1688984758817,-143066,4233
1688984758820,-143066,4233
1688984758822,-143066,4233
1688984758825,-143066,4233
1688984758827,-143066,4233
1688984758830,-143066,4233
1688984758832,-143066,4233
1688984758835,-143066,4233
1688984758837,-143066,4233
1688984758843,-143066,4233
1688984758846,-143066,4233
1688984758849,-143066,4233
1688984758852,-143066,4233
1688984758855,-143066,4233
1688984758858,-143066,4233
1688984758861,-143066,4233
1688984758863,-143066,4233
1688984758866,-143066,4233
1688984758868,-143066,4233
1688984758873,-143066,4233
1688984758875,-143066,4233
1688984758878,-143066,4233
1688984758882,-143066,4233
1688984758886,-143066,4233
1688984758889,-143066,4233
1688984758892,-143066,4233
1688984758895,-143066,4233
1688984758898,-143066,4233
1688984758901,-143066,4233
1688984758904,-143066,4233
1688984758907,-143066,4233
1688984758910,-143066,4233
1688984758913,-143066,4233
1688984758916,-143066,4233
1688984758919,-143066,4233
1688984758923,-143066,4233
1688984758926,-143066,4233
1688984758928,-143066,4233
1688984758932,-143066,4233
1688984758935,-143066,4233
1688984758938,-143066,4233
1688984758941,-143066,4233
1688984758944,-143066,4233
1688984758947,-143066,4233
1688984758950,-143066,4233
1688984758953,-143066,4233
1688984758955,-143066,4233
1688984758958,-143066,4233
1688984758962,-143066,4233
1688984758965,-143066,4233
1688984758968,-143066,4233
1688984758970,-143066,4233
1688984758973,-143066,4233
1688984758976,-143066,4233
1688984758979,-143066,4233
1688984758982,-143066,4233
1688984758985,-143066,4233
1688984758988,-143066,4233
1688984758991,-143066,4233
1688984758994,-143066,4233
1688984758996,-143066,4233
1688984758999,-143066,4233
1688984759002,-143066,4233
1688984759005,-143066,4233
1688984759008,-143066,4233
1688984759011,-143066,4233
1688984759015,-143066,4233
1688984759017,-143066,4233
1688984759020,-143066,4233
1688984759024,-143066,4233
1688984759026,-143066,4233
1688984759029,-143066,4233
1688984759032,-143066,4233
1688984759034,-143066,4233
1688984759037,-143066,4233
1688984759041,-143066,4233
1688984759044,-143066,4233
1688984759047,-143066,4233
1688984759050,-143066,4233
1688984759053,-143066,4233
1688984759056,-143066,4233
1688984759059,-143066,4233
1688984759062,-143066,4233
1688984759065,-143066,4233
1688984759068,-143066,4233
1688984759071,-143066,4233
1688984759074,-143066,4233
1688984759076,-143066,4233
1688984759081,-143066,4233
1688984759085,-143066,4233
1688984759087,-143066,4233
1688984759090,-143066,4233
1688984759093,-143066,4233
1688984759096,-143066,4233
1688984759099,-143066,4233
1688984759101,-143066,4233
1688984759104,-143066,4233
1688984759106,-143066,4233
1688984759108,-143066,4233
1688984759111,-143066,4233
1688984759113,-143066,4233
1688984759115,-143066,4233
1688984759117,-143066,4233
1688984759120,-143066,4233
1688984759123,-143066,4233
1688984759125,-143066,4233
1688984759127,-143066,4233
1688984759130,-143066,4233
1688984759132,-143066,4233
1688984759134,-143066,4233
1688984759136,-143066,4233
1688984759138,-143066,4233
1688984759142,-143066,4233
1688984759144,-143066,4233
1688984759146,-143066,4233
1688984759148,-143066,4233
1688984759150,-143066,4233
1688984759152,-143066,4233
1688984759154,-143066,4233
1688984759156,-143066,4233
1688984759159,-143066,4233
1688984759161,-143066,4233
1688984759163,-143066,4233
1688984759165,-143066,4233
1688984759167,-143066,4233
1688984759169,-143066,4233
1688984759171,-143066,4233
1688984759174,-169433,4233
1688984759176,-169433,4233
1688984759178,-169433,4233
1688984759181,-169433,4233
1688984759183,-169433,4233
1688984759185,-169433,4233
1688984759187,-169433,4233
1688984759190,-169433,4233
1688984759192,-169433,4233
1688984759194,-169433,4233
1688984759196,-169433,4233
1688984759199,-169433,4233
1688984759201,-169433,4233
1688984759204,-169433,4233
1688984759206,-169433,4233
1688984759208,-169433,4233
1688984759210,-169433,4233
1688984759212,-169433,4233
1688984759214,-169433,4233
1688984759216,-169433,4233
1688984759218,-169433,4233
1688984759221,-169433,4233
1688984759223,-169433,4233
1688984759225,-169433,4233
1688984759227,-169433,4233
1688984759229,-169433,4233
1688984759231,-169433,4233
1688984759233,-169433,4233
1688984759235,-169433,4233
1688984759237,-169433,4233
1688984759240,-169433,4233
1688984759242,-169433,4233
1688984759244,-169433,4233
1688984759246,-169433,4233
1688984759248,-169433,4233
1688984759251,-169433,4233
1688984759253,-169433,4233
1688984759255,-169433,4233
1688984759257,-169433,4233
1688984759260,-169433,4233
1688984759262,-169433,4233
1688984759264,-169433,4233
1688984759266,-169433,4233
1688984759268,-169433,4233
1688984759270,-169433,4233
1688984759272,-169433,4233
1688984759273,-169433,4233
1688984759276,-169433,4233
1688984759279,-169433,4233
1688984759281,-169433,4233
1688984759283,-169433,4233
1688984759286,-169433,4233
1688984759290,-169433,4233
1688984759292,-169433,4233
1688984759294,-169433,4233
1688984759297,-169433,4233
1688984759298,-169433,4233
1688984759301,-169433,4233
1688984759303,-169433,4233
1688984759305,-169433,4233
1688984759307,-169433,4233
1688984759310,-169433,4233
1688984759312,-169433,4233
1688984759314,-169433,4233
1688984759316,-169433,4233
1688984759319,-169433,4233
1688984759321,-169433,4233
1688984759324,-169433,4233
1688984759326,-169433,4233
1688984759328,-169433,4233
1688984759330,-169433,4233
1688984759333,-169433,4233
1688984759336,-169433,4233
1688984759338,-169433,4233
1688984759341,-169433,4233
1688984759343,-169433,4233
1688984759345,-169433,4233
1688984759347,-169433,4233
1688984759349,-169433,4233
1688984759356,-169433,4233
1688984759362,-169433,4233
1688984759365,-169433,4233
1688984759368,-169433,4233
1688984759371,-169433,4233
1688984759374,-169433,4233
1688984759376,-169433,4233
1688984759380,-169433,4233
1688984759383,-169433,4233
1688984759386,-169433,4233
1688984759389,-169433,4233
1688984759392,-169433,4233
1688984759395,-169433,4233
1688984759399,-169433,4233
1688984759402,-169433,4233
1688984759405,-169433,4233
1688984759408,-169433,4233
1688984759411,-169433,4233
1688984759414,-169433,4233
1688984759417,-169433,4233
1688984759421,-169433,4233
1688984759423,-169433,4233
1688984759426,-169433,4233
1688984759428,-169433,4233
1688984759432,-169433,4233
1688984759434,-169433,4233
1688984759437,-169433,4233
1688984759441,-169433,4233
1688984759445,-169433,4233
1688984759447,-169433,4233
1688984759450,-169433,4233
1688984759453,-169433,4233
1688984759455,-169433,4233
1688984759458,-169433,4233
1688984759461,-169433,4233
1688984759464,-169433,4233
1688984759466,-169433,4233
1688984759468,-169433,4233
1688984759471,-169433,4233
1688984759475,-169433,4233
1688984759478,-169433,4233
1688984759482,-169433,4233
1688984759485,-169433,4233
1688984759488,-169433,4233
1688984759491,-169433,4233
1688984759494,-169433,4233
1688984759497,-169433,4233
1688984759501,-169433,4233
1688984759504,-169433,4233
1688984759507,-169433,4233
1688984759510,-169433,4233
1688984759513,-169433,4233
1688984759516,-169433,4233
1688984759520,-169433,4233
1688984759523,-169433,4233
1688984759526,-169433,4233
1688984759530,-169433,4233
1688984759533,-169433,4233
1688984759535,-169433,4233
1688984759538,-169433,4233
1688984759541,-169433,4233
1688984759543,-169433,4233
1688984759546,-169433,4233
1688984759549,-169433,4233
1688984759552,-169433,4233
1688984759554,-169433,4233
1688984759558,-169433,4233
1688984759562,-169433,4233
1688984759564,-169433,4233
1688984759567,-169433,4233
1688984759569,-169433,4233
1688984759572,-169433,4233
1688984759575,-169433,4233
1688984759577,-169433,4233
1688984759580,-169433,4233
1688984759583,-169433,4233
1688984759586,-169433,4233
1688984759588,-169433,4233
1688984759591,-169433,4233
1688984759594,-169433,4233
1688984759597,-169433,4233
1688984759600,-169433,4233
1688984759603,-169433,4233
1688984759606,-169433,4233
1688984759608,-169433,4233
1688984759611,-169433,4233
1688984759614,-169433,4233
1688984759616,-169433,4233
1688984759619,-169433,4233
1688984759622,-169433,4233
1688984759625,-169433,4233
1688984759628,-169433,4233
1688984759637,-169433,4233
1688984759642,-169433,4233
1688984759645,-169433,4233
1688984759648,-169433,4233
1688984759651,-169433,4233
1688984759654,-169433,4233
1688984759657,-169433,4233
1688984759660,-169433,4233
1688984759662,-169433,4233
1688984759665,-169433,4233
1688984759668,-169433,4233
1688984759671,-169433,4233
1688984759674,-169433,4233
1688984759678,-169433,4233
1688984759681,-169433,4233
1688984759684,-169433,4233
1688984759687,-169433,4233
1688984759690,-169433,4233
1688984759693,-169433,4233
1688984759695,-169433,4233
1688984759698,-169433,4233
1688984759700,-169433,4233
1688984759703,-169433,4233
1688984759706,-169433,4233
1688984759709,-169433,4233
1688984759712,-169433,4233
1688984759716,-169433,4233
1688984759719,-169433,4233
1688984759723,-169433,4233
1688984759725,-169433,4233
1688984759728,-169433,4233
1688984759731,-169433,4233
1688984759734,-169433,4233
1688984759738,-169433,4233
1688984759741,-169433,4233
1688984759744,-169433,4233
1688984759746,-169433,4233
1688984759750,-169433,4233
1688984759753,-169433,4233
1688984759756,-169433,4233
1688984759760,-169433,4233
1688984759763,-169433,4233
1688984759765,-169433,4233
1688984759768,-169433,4233
1688984759772,-169433,4233
1688984759775,-169433,4233
1688984759777,-169433,4233
1688984759780,-169433,4233
1688984759783,-169433,4233
1688984759785,-169433,4233
1688984759787,-169433,4233
1688984759790,-169433,4233
1688984759792,-169433,4233
1688984759795,-169433,4233
1688984759799,-169433,4233
1688984759803,-169433,4233
1688984759806,-169433,4233
1688984759808,-169433,4233
1688984759811,-169433,4233
1688984759814,-169433,4233
1688984759816,-169433,4233
1688984759818,-169433,4233
1688984759822,-169433,4233
1688984759825,-169433,4233
1688984759828,-169433,4233
1688984759831,-169433,4233
1688984759834,-169433,4233
1688984759837,-169433,4233
1688984759840,-169433,4233
1688984759851,-169433,4233
1688984759854,-169433,4233
1688984759856,-169433,4233
1688984759859,-169433,4233
1688984759862,-169433,4233
1688984759865,-169433,4233
1688984759868,-169433,4233
1688984759874,-169433,4233
1688984759881,-169433,4233
1688984759885,-169433,4233
1688984759888,-169433,4233
1688984759892,-169433,4233
1688984759894,-169433,4233
1688984759896,-169433,4233
1688984759898,-169433,4233
1688984759900,-169433,4233
1688984759903,-169433,4233
1688984759907,-169433,4233
1688984759913,-169433,4233
1688984759916,-169433,4233
1688984759919,-169433,4233
1688984759922,-169433,4233
1688984759924,-169433,4233
1688984759925,-169433,4233
1688984759927,-169433,4233
1688984759928,-169433,4233
1688984759929,-169433,4233
1688984759931,-169433,4233
1688984759933,-169433,4233
1688984759934,-169433,4233
1688984759936,-169433,4233
1688984759937,-169433,4233
1688984759939,-169433,4233
1688984759941,-169433,4233
1688984759942,-169433,4233
1688984759944,-169433,4233
1688984759946,-169433,4233
1688984759947,-169433,4233
1688984759949,-169433,4233
1688984759950,-169433,4233
1688984759952,-169433,4233
1688984759954,-169433,4233
1688984759956,-169433,4233
1688984759957,-169433,4233
1688984759959,-169433,4233
1688984759961,-169433,4233
1688984759963,-169433,4233
1688984759965,-169433,4233
1688984759966,-169433,4233
1688984759968,-169433,4233
1688984759970,-169433,4233
1688984759972,-169433,4233
1688984759973,-169433,4233
1688984759975,-169433,4233
1688984759977,-169433,4233
1688984759979,-169433,4233
1688984759980,-169433,4233
1688984759982,-169433,4233
1688984759983,-169433,4233
1688984759985,-169433,4233
1688984759987,-169433,4233
1688984759988,-169433,4233
1688984759992,-169433,4233
1688984759994,-169433,4233
1688984759996,-169433,4233
1688984759998,-169433,4233
1688984760002,-169433,4233
1688984760008,-169433,4233
1688984760013,-169433,4233
1688984760016,-169433,4233
1688984760019,-169433,4233
1688984760022,-169433,4233
1688984760024,-169433,4233
1688984760027,-169433,4233
1688984760030,-169433,4233
1688984760033,-169433,4233
1688984760037,-169433,4233
1688984760041,-169433,4233
1688984760048,-169433,4233
1688984760053,-169433,4233
1688984760057,-169433,4233
1688984760062,-169433,4233
1688984760067,-169433,4233
1688984760074,-169433,4233
1688984760080,-169433,4233
1688984760086,-169433,4233
1688984760095,-169433,4233
1688984760097,-169433,4233
1688984760099,-169433,4233
1688984760102,-169433,4233
1688984760104,-169433,4233
1688984760106,-169433,4233
1688984760110,-169433,4233
1688984760113,-169433,4233
1688984760115,-169433,4233
1688984760116,-169433,4233
1688984760118,-169433,4233
1688984760121,-169433,4233
1688984760123,-169433,4233
1688984760126,-169433,4233
1688984760128,-169433,4233
1688984760131,-169433,4233
1688984760133,-169433,4233
1688984760134,-169433,4233
1688984760136,-169433,4233
1688984760138,-169433,4233
1688984760140,-169433,4233
1688984760141,-169433,4233
1688984760143,-169433,4233
1688984760145,-169433,4233
1688984760146,-169433,4233
1688984760148,-169433,4233
1688984760149,-169433,4233
1688984760151,-169433,4233
1688984760153,-169433,4233
1688984760155,-169433,4233
1688984760156,-169433,4233
1688984760158,-169433,4233
1688984760160,-169433,4233
1688984760161,-169433,4233
1688984760163,-169433,4233
1688984760164,-169433,4233
1688984760166,-169433,4233
1688984760168,-169433,4233
1688984760171,-169433,4233
1688984760173,-169433,4233
1688984760175,-169433,4233
1688984760177,-169433,4233
1688984760178,-169433,4233
1688984760180,-169433,4233
1688984760183,-169433,4233
1688984760187,-169433,4233
1688984760192,-169433,4233
1688984760195,-169433,4233
1688984760197,-169433,4233
1688984760201,-169433,4233
1688984760203,-169433,4233
1688984760206,-169433,4233
1688984760209,-169433,4233
1688984760212,-169433,4233
1688984760215,-169433,4233
1688984760217,-169433,4233
1688984760220,-169433,4233
1688984760223,-169433,4233
1688984760225,-169433,4233
1688984760228,-169433,4233
1688984760231,-169433,4233
1688984760234,-169433,4233
1688984760237,-169433,4233
1688984760240,-169433,4233
1688984760243,-169433,4233
1688984760246,-169433,4233
1688984760249,-169433,4233
1688984760251,-169433,4233
1688984760254,-169433,4233
1688984760256,-169433,4233
1688984760260,-169433,4233
1688984760263,-169433,4233
1688984760266,-169433,4233
1688984760268,-169433,4233
1688984760271,-169433,4233
1688984760275,-169433,4233
1688984760278,-169433,4233
1688984760281,-169433,4233
1688984760284,-169433,4233
1688984760287,-169433,4233
1688984760290,-169433,4233
1688984760293,-169433,4233
1688984760295,-169433,4233
1688984760297,-169433,4233
1688984760301,-169433,4233
1688984760304,-169433,4233
1688984760307,-169433,4233
1688984760310,-169433,4233
1688984760315,-169433,4233
1688984760318,-169433,4233
1688984760322,-169433,4233
1688984760326,-169433,4233
1688984760330,-169433,4233
1688984760333,-169433,4233
1688984760338,-169433,4233
1688984760345,-169433,4233
1688984760349,-169433,4233
1688984760352,-169433,4233
1688984760354,-169433,4233
1688984760356,-169433,4233
1688984760359,-169433,4233
1688984760361,-169433,4233
1688984760362,-169433,4233
1688984760364,-169433,4233
1688984760366,-169433,4233
1688984760368,-169433,4233
1688984760371,-169433,4233
1688984760372,-169433,4233
1688984760374,-169433,4233
1688984760375,-169433,4233
1688984760377,-169433,4233
1688984760378,-169433,4233
1688984760380,-169433,4233
1688984760382,-169433,4233
1688984760384,-169433,4233
1688984760385,-169433,4233
1688984760387,-169433,4233
1688984760388,-169433,4233
1688984760391,-169433,4233
1688984760392,-169433,4233
1688984760395,-169433,4233
1688984760397,-169433,4233
1688984760399,-169433,4233
1688984760402,-169433,4233
1688984760404,-169433,4233
1688984760406,-169433,4233
1688984760408,-169433,4233
1688984760410,-169433,4233
1688984760412,-169433,4233
1688984760414,-169433,4233
1688984760417,-169433,4233
1688984760419,-169433,4233
1688984760424,-169433,4233
1688984760426,-169433,4233
1688984760428,-169433,4233
1688984760432,-169433,4233
1688984760434,-169433,4233
1688984760436,-169433,4233
1688984760438,-169433,4233
1688984760441,-169433,4233
1688984760443,-169433,4233
1688984760445,-169433,4233
1688984760448,-169433,4233
1688984760450,-169433,4233
1688984760452,-169433,4233
1688984760455,-169433,4233
1688984760457,-169433,4233
1688984760460,-169433,4233
1688984760462,-169433,4233
1688984760464,-169433,4233
1688984760466,-169433,4233
1688984760468,-169433,4233
1688984760470,-169433,4233
1688984760472,-169433,4233
1688984760475,-169433,4233
1688984760477,-169433,4233
1688984760479,-169433,4233
1688984760481,-169433,4233
1688984760484,-169433,4233
1688984760486,-169433,4233
1688984760488,-169433,4233
1688984760490,-169433,4233
1688984760492,-169433,4233
1688984760494,-169433,4233
1688984760496,-169433,4233
1688984760498,-169433,4233
1688984760501,-169433,4233
1688984760503,-169433,4233
1688984760505,-169433,4233
1688984760507,-169433,4233
1688984760509,-169433,4233
1688984760512,-169433,4233
1688984760514,-169433,4233
1688984760516,-169433,4233
1688984760519,-169433,4233
1688984760522,-169433,4233
1688984760524,-169433,4233
1688984760526,-169433,4233
1688984760528,-169433,4233
1688984760531,-169433,4233
1688984760533,-169433,4233
1688984760535,-169433,4233
1688984760537,-169433,4233
1688984760540,-169433,4233
1688984760543,-169433,4233
1688984760545,-169433,4233
1688984760547,-169433,4233
1688984760549,-169433,4233
1688984760551,-169433,4233
1688984760554,-169433,4233
1688984760556,-169433,4233
1688984760560,-169433,4233
1688984760564,-169433,4233
1688984760566,-169433,4233
1688984760569,-169433,4233
1688984760571,-169433,4233
1688984760573,-169433,4233
1688984760575,-169433,4233
1688984760578,-169433,4233
1688984760580,-169433,4233
1688984760583,-169433,4233
1688984760586,-169433,4233
1688984760590,-169433,4233
1688984760594,-169433,4233
1688984760598,-169433,4233
1688984760601,-169433,4233
1688984760604,-169433,4233
1688984760607,-169433,4233
1688984760611,-169433,4233
1688984760613,-169433,4233
1688984760615,-169433,4233
1688984760617,-169433,4233
1688984760618,-169433,4233
1688984760621,-169433,4233
1688984760623,-169433,4233
1688984760625,-169433,4233
1688984760626,-169433,4233
1688984760628,-169433,4233
1688984760632,-169433,4233
1688984760641,-169433,4233
1688984760646,-195800,4233
1688984760649,-195800,4233
1688984760652,-195800,4233
1688984760655,-195800,4233
1688984760658,-195800,4233
1688984760661,-195800,4233
1688984760663,-195800,4233
1688984760666,-195800,4233
1688984760671,-195800,4233
1688984760675,-195800,4233
1688984760677,-195800,4233
1688984760681,-195800,4233
1688984760684,-195800,4233
1688984760687,-195800,4233
1688984760690,-195800,4233
1688984760692,-195800,4233
1688984760695,-195800,4233
1688984760698,-195800,4233
1688984760702,-195800,4233
1688984760705,-195800,4233
1688984760707,-195800,4233
1688984760711,-195800,4233
1688984760715,-195800,4233
1688984760718,-195800,4233
1688984760722,-195800,4233
1688984760725,-195800,4233
1688984760728,-195800,4233
1688984760731,-195800,4233
1688984760734,-195800,4233
1688984760737,-195800,4233
1688984760740,-195800,4233
1688984760743,-195800,4233
1688984760745,-195800,4233
1688984760749,-195800,4233
1688984760753,-195800,4233
1688984760756,-195800,4233
1688984760760,-195800,4233
1688984760763,-195800,4233
1688984760766,-195800,4233
1688984760769,-195800,4233
1688984760774,-195800,4233
1688984760777,-195800,4233
1688984760780,-195800,4233
1688984760783,-195800,4233
1688984760785,-195800,4233
1688984760788,-195800,4233
1688984760792,-195800,4233
1688984760795,-195800,4233
1688984760798,-195800,4233
1688984760801,-195800,4233
1688984760804,-195800,4233
1688984760807,-195800,4233
1688984760810,-195800,4233
1688984760813,-195800,4233
1688984760816,-195800,4233
1688984760819,-195800,4233
1688984760823,-195800,4233
1688984760826,-195800,4233
1688984760830,-195800,4233
1688984760834,-195800,4233
1688984760837,-195800,4233
1688984760840,-195800,4233
1688984760843,-195800,4233
1688984760846,-195800,4233
1688984760848,-195800,4233
1688984760853,-195800,4233
1688984760856,-195800,4233
1688984760858,-195800,4233
1688984760862,-195800,4233
1688984760865,-195800,4233
1688984760868,-195800,4233
1688984760872,-195800,4233
1688984760875,-195800,4233
1688984760878,-195800,4233
1688984760882,-195800,4233
1688984760885,-195800,4233
1688984760888,-195800,4233
1688984760891,-195800,4233
1688984760893,-195800,4233
1688984760896,-195800,4233
1688984760899,-195800,4233
1688984760902,-195800,4233
1688984760904,-195800,4233
1688984760906,-195800,4233
1688984760910,-195800,4233
1688984760914,-195800,4233
1688984760917,-195800,4233
1688984760920,-195800,4233
1688984760923,-195800,4233
1688984760926,-195800,4233
1688984760929,-195800,4233
1688984760932,-195800,4233
1688984760935,-195800,4233
1688984760937,-195800,4233
1688984760941,-195800,4233
1688984760945,-195800,4233
1688984760947,-195800,4233
1688984760951,-195800,4233
1688984760954,-195800,4233
1688984760957,-195800,4233
1688984760960,-195800,4233
1688984760963,-195800,4233
1688984760966,-195800,4233
1688984760969,-195800,4233
1688984760972,-195800,4233
1688984760974,-195800,4233
1688984760977,-195800,4233
1688984760981,-195800,4233
1688984760983,-195800,4233
1688984760986,-195800,4233
1688984760989,-195800,4233
1688984760993,-195800,4233
1688984760996,-195800,4233
1688984760998,-195800,4233
1688984761003,-195800,4233
1688984761006,-195800,4233
1688984761009,-195800,4233
1688984761012,-195800,4233
1688984761015,-195800,4233
1688984761018,-195800,4233
1688984761021,-195800,4233
1688984761024,-195800,4233
1688984761027,-195800,4233
1688984761031,-195800,4233
1688984761035,-195800,4233
1688984761037,-195800,4233
1688984761040,-195800,4233
1688984761043,-195800,4233
1688984761046,-195800,4233
1688984761048,-195800,4233
1688984761051,-195800,4233
1688984761054,-195800,4233
1688984761057,-195800,4233
1688984761061,-195800,4233
1688984761064,-195800,4233
1688984761067,-195800,4233
1688984761071,-195800,4233
1688984761074,-195800,4233
1688984761077,-195800,4233
1688984761080,-195800,4233
1688984761083,-195800,4233
1688984761085,-195800,4233
1688984761088,-195800,4233
1688984761091,-195800,4233
1688984761094,-195800,4233
1688984761097,-195800,4233
1688984761101,-195800,4233
1688984761104,-195800,4233
1688984761106,-195800,4233
1688984761110,-195800,4233
1688984761113,-195800,4233
1688984761116,-195800,4233
1688984761118,-195800,4233
1688984761123,-195800,4233
1688984761125,-195800,4233
1688984761127,-195800,4233
1688984761130,-195800,4233
1688984761133,-195800,4233
1688984761136,-195800,4233
1688984761138,-195800,4233
1688984761141,-195800,4233
1688984761144,-195800,4233
1688984761148,-195800,4233
1688984761151,-195800,4233
1688984761154,-195800,4233
1688984761157,-195800,4233
1688984761160,-195800,4233
1688984761163,-195800,4233
1688984761165,-195800,4233
1688984761168,-195800,4233
1688984761171,-195800,4233
1688984761174,-195800,4233
1688984761177,-195800,4233
1688984761180,-195800,4233
1688984761183,-195800,4233
1688984761186,-195800,4233
1688984761190,-195800,4233
1688984761193,-195800,4233
1688984761196,-195800,4233
1688984761199,-195800,4233
1688984761203,-195800,4233
1688984761206,-195800,4233
1688984761208,-195800,4233
1688984761212,-195800,4233
1688984761215,-195800,4233
1688984761218,-195800,4233
1688984761221,-195800,4233
1688984761223,-195800,4233
1688984761226,-195800,4233
1688984761229,-195800,4233
1688984761232,-195800,4233
1688984761235,-195800,4233
1688984761237,-195800,4233
1688984761241,-195800,4233
1688984761244,-195800,4233
1688984761246,-195800,4233
1688984761249,-195800,4233
1688984761252,-195800,4233
1688984761255,-195800,4233
1688984761257,-195800,4233
1688984761260,-195800,4233
1688984761263,-195800,4233
1688984761266,-195800,4233
1688984761269,-195800,4233
1688984761272,-195800,4233
1688984761275,-195800,4233
1688984761278,-195800,4233
1688984761281,-195800,4233
1688984761283,-195800,4233
1688984761286,-195800,4233
1688984761289,-195800,4233
1688984761292,-195800,4233
1688984761294,-195800,4233
1688984761296,-195800,4233
1688984761299,-195800,4233
1688984761302,-195800,4233
1688984761305,-195800,4233
1688984761309,-195800,4233
1688984761312,-195800,4233
1688984761315,-195800,4233
1688984761317,-195800,4233
1688984761321,-195800,4233
1688984761324,-195800,4233
1688984761326,-195800,4233
1688984761328,-195800,4233
1688984761331,-195800,4233
1688984761334,-195800,4233
1688984761337,-195800,4233
1688984761340,-195800,4233
1688984761342,-195800,4233
1688984761345,-195800,4233
1688984761349,-195800,4233
1688984761352,-195800,4233
1688984761355,-195800,4233
1688984761358,-195800,4233
1688984761361,-195800,4233
1688984761364,-195800,4233
1688984761367,-195800,4233
1688984761369,-195800,4233
1688984761373,-195800,4233
1688984761375,-195800,4233
1688984761378,-195800,4233
1688984761381,-195800,4233
1688984761385,-195800,4233
1688984761388,-195800,4233
1688984761391,-195800,4233
1688984761394,-195800,4233
1688984761397,-195800,4233
1688984761400,-195800,4233
1688984761403,-195800,4233
1688984761406,-195800,4233
1688984761408,-195800,4233
1688984761412,-195800,4233
1688984761414,-195800,4233
1688984761417,-195800,4233
1688984761421,-195800,4233
1688984761425,-195800,4233
1688984761428,-195800,4233
1688984761432,-195800,4233
1688984761435,-195800,4233
1688984761437,-195800,4233
1688984761440,-195800,4233
1688984761442,-195800,4233
1688984761445,-195800,4233
1688984761448,-195800,4233
1688984761451,-195800,4233
1688984761454,-195800,4233
1688984761456,-195800,4233
1688984761459,-195800,4233
1688984761461,-195800,4233
1688984761464,-195800,4233
1688984761466,-195800,4233
1688984761468,-195800,4233
1688984761471,-195800,4233
1688984761473,-195800,4233
1688984761475,-195800,4233
1688984761478,-195800,4233
1688984761481,-195800,4233
1688984761483,-195800,4233
1688984761485,-195800,4233
1688984761487,-195800,4233
1688984761489,-195800,4233
1688984761491,-195800,4233
1688984761493,-195800,4233
1688984761495,-195800,4233
1688984761497,-195800,4233
1688984761499,-195800,4233
1688984761502,-195800,4233
1688984761504,-195800,4233
1688984761507,-195800,4233
1688984761509,-195800,4233
1688984761512,-195800,4233
1688984761514,-195800,4233
1688984761516,-195800,4233
1688984761518,-195800,4233
1688984761521,-195800,4233
1688984761523,-195800,4233
1688984761525,-195800,4233
1688984761527,-195800,4233
1688984761530,-195800,4233
1688984761532,-195800,4233
1688984761534,-195800,4233
1688984761536,-195800,4233
1688984761538,-195800,4233
1688984761540,-195800,4233
1688984761542,-195800,4233
1688984761545,-195800,4233
1688984761547,-195800,4233
1688984761550,-195800,4233
1688984761552,-195800,4233
1688984761554,-195800,4233
1688984761556,-195800,4233
1688984761558,-195800,4233
1688984761560,-195800,4233
1688984761563,-195800,4233
1688984761565,-195800,4233
1688984761567,-195800,4233
1688984761570,-195800,4233
1688984761572,-195800,4233
1688984761574,-195800,4233
1688984761576,-195800,4233
1688984761578,-195800,4233
1688984761581,-195800,4233
1688984761583,-195800,4233
1688984761586,-195800,4233
1688984761588,-195800,4233
1688984761590,-195800,4233
1688984761592,-195800,4233
1688984761595,-195800,4233
1688984761596,-195800,4233
1688984761598,-195800,4233
1688984761601,-195800,4233
1688984761603,-195800,4233
1688984761605,-195800,4233
1688984761608,-195800,4233
1688984761613,-195800,4233
1688984761617,-195800,4233
1688984761622,-195800,4233
1688984761625,-195800,4233
1688984761627,-195800,4233
1688984761629,-195800,4233
1688984761631,-195800,4233
1688984761633,-195800,4233
1688984761635,-195800,4233
1688984761637,-195800,4233
1688984761639,-195800,4233
1688984761641,-195800,4233
1688984761644,-195800,4233
1688984761646,-195800,4233
1688984761648,-195800,4233
1688984761650,-195800,4233
1688984761656,-195800,4233
1688984761658,-195800,4233
1688984761660,-195800,4233
1688984761662,-195800,4233
1688984761664,-195800,4233
1688984761665,-195800,4233
1688984761666,-195800,4233
1688984761667,-195800,4233
1688984761668,-195800,4233
1688984761670,-195800,4233
1688984761671,-195800,4233
1688984761672,-195800,4233
1688984761673,-195800,4233
1688984761674,-195800,4233
1688984761676,-195800,4233
1688984761677,-195800,4233
1688984761678,-195800,4233
1688984761681,-195800,4233
1688984761683,-195800,4233
1688984761684,-195800,4233
1688984761686,-195800,4233
1688984761688,-195800,4233
1688984761690,-195800,4233
1688984761692,-195800,4233
1688984761694,-195800,4233
1688984761696,-195800,4233
1688984761698,-195800,4233
1688984761700,-195800,4233
1688984761703,-195800,4233
1688984761705,-195800,4233
1688984761707,-195800,4233
1688984761709,-195800,4233
1688984761711,-195800,4233
1688984761713,-195800,4233
1688984761714,-195800,4233
1688984761716,-195800,4233
1688984761718,-195800,4233
1688984761720,-195800,4233
1688984761722,-195800,4233
1688984761724,-195800,4233
1688984761725,-195800,4233
1688984761727,-195800,4233
1688984761728,-195800,4233
1688984761730,-195800,4233
1688984761732,-195800,4233
1688984761734,-195800,4233
1688984761736,-195800,4233
1688984761738,-195800,4233
1688984761741,-195800,4233
1688984761745,-195800,4233
1688984761748,-195800,4233
1688984761753,-195800,4233
1688984761756,-195800,4233
1688984761760,-195800,4233
1688984761763,-195800,4233
1688984761766,-195800,4233
1688984761768,-195800,4233
1688984761771,-195800,4233
1688984761774,-195800,4233
1688984761777,-195800,4233
1688984761780,-195800,4233
1688984761784,-195800,4233
1688984761787,-195800,4233
1688984761789,-195800,4233
1688984761792,-195800,4233
1688984761795,-195800,4233
1688984761797,-195800,4233
1688984761801,-195800,4233
1688984761804,-195800,4233
1688984761808,-195800,4233
1688984761811,-195800,4233
1688984761814,-195800,4233
1688984761817,-195800,4233
1688984761822,-195800,4233
1688984761826,-195800,4233
1688984761830,-195800,4233
1688984761832,-195800,4233
1688984761835,-195800,4233
1688984761838,-195800,4233
1688984761842,-195800,4233
1688984761845,-195800,4233
1688984761847,-195800,4233
1688984761851,-195800,4233
1688984761854,-195800,4233
1688984761857,-195800,4233
1688984761861,-195800,4233
1688984761864,-195800,4233
1688984761867,-195800,4233
1688984761870,-195800,4233
1688984761873,-195800,4233
1688984761875,-195800,4233
1688984761878,-195800,4233
1688984761882,-195800,4233
1688984761885,-195800,4233
1688984761887,-195800,4233
1688984761889,-195800,4233
1688984761891,-195800,4233
1688984761893,-195800,4233
1688984761895,-195800,4233
1688984761898,-195800,4233
1688984761901,-195800,4233
1688984761905,-195800,4233
1688984761907,-195800,4233
1688984761911,-195800,4233
1688984761914,-195800,4233
1688984761916,-195800,4233
1688984761919,-195800,4233
1688984761921,-195800,4233
1688984761924,-195800,4233
1688984761927,-195800,4233
1688984761930,-195800,4233
1688984761932,-195800,4233
1688984761935,-195800,4233
1688984761938,-195800,4233
1688984761943,-195800,4233
1688984761946,-195800,4233
1688984761949,-195800,4233
1688984761952,-195800,4233
1688984761954,-195800,4233
1688984761957,-195800,4233
1688984761960,-195800,4233
1688984761962,-195800,4233
1688984761964,-195800,4233
1688984761965,-195800,4233
1688984761967,-195800,4233
1688984761970,-195800,4233
1688984761972,-195800,4233
1688984761974,-195800,4233
1688984761975,-195800,4233
1688984761977,-195800,4233
1688984761980,-195800,4233
1688984761982,-195800,4233
1688984761983,-195800,4233
1688984761985,-195800,4233
1688984761986,-195800,4233
1688984761988,-195800,4233
1688984761989,-195800,4233
1688984761991,-195800,4233
1688984761992,-195800,4233
1688984761994,-195800,4233
1688984761996,-195800,4233
1688984761997,-195800,4233
1688984761998,-195800,4233
1688984762001,-195800,4233
1688984762002,-195800,4233
1688984762004,-195800,4233
1688984762005,-195800,4233
1688984762007,-195800,4233
1688984762008,-195800,4233
1688984762009,-195800,4233
1688984762011,-195800,4233
1688984762013,-195800,4233
1688984762014,-195800,4233
1688984762016,-195800,4233
1688984762017,-195800,4233
1688984762020,-195800,4233
1688984762025,-195800,4233
1688984762030,-195800,4233
1688984762033,-195800,4233
1688984762036,-195800,4233
1688984762038,-195800,4233
1688984762043,-195800,4233
1688984762056,-195800,4233
1688984762061,-195800,4233
1688984762064,-195800,4233
1688984762067,-195800,4233
1688984762070,-195800,4233
1688984762072,-195800,4233
1688984762074,-195800,4233
1688984762075,-195800,4233
1688984762077,-195800,4233
1688984762078,-195800,4233
1688984762080,-195800,4233
1688984762082,-195800,4233
1688984762084,-195800,4233
1688984762085,-195800,4233
1688984762086,-195800,4233
1688984762088,-195800,4233
1688984762089,-195800,4233
1688984762091,-195800,4233
1688984762092,-195800,4233
1688984762094,-195800,4233
1688984762095,-195800,4233
1688984762096,-195800,4233
1688984762098,-195800,4233
1688984762100,-195800,4233
1688984762103,-195800,4233
1688984762105,-195800,4233
1688984762107,-195800,4233
1688984762109,-195800,4233
1688984762111,-168456,4233
1688984762113,-168456,4233
1688984762114,-168456,4233
1688984762116,-168456,4233
1688984762118,-168456,4233
1688984762120,-168456,4233
1688984762123,-168456,4233
1688984762124,-168456,4233
1688984762126,-168456,4233
1688984762128,-168456,4233
1688984762130,-168456,4233
1688984762132,-168456,4233
1688984762133,-168456,4233
1688984762135,-168456,4233
1688984762137,-168456,4233
1688984762139,-168456,4233
1688984762143,-168456,4233
1688984762147,-168456,4233
1688984762151,-168456,4233
1688984762155,-168456,4233
1688984762158,-168456,4233
1688984762162,-168456,4233
1688984762165,-168456,4233
1688984762167,-168456,4233
1688984762170,-168456,4233
1688984762174,-168456,4233
1688984762176,-168456,4233
1688984762178,-168456,4233
1688984762183,-168456,4233
1688984762186,-168456,4233
1688984762188,-168456,4233
1688984762191,-168456,4233
1688984762194,-168456,4233
1688984762197,-168456,4233
1688984762200,-168456,4233
1688984762203,-168456,4233
1688984762206,-168456,4233
1688984762210,-168456,4233
1688984762213,-168456,4233
1688984762215,-168456,4233
1688984762217,-168456,4233
1688984762220,-168456,4233
1688984762223,-168456,4233
1688984762225,-168456,4233
1688984762228,-168456,4233
1688984762231,-168456,4233
1688984762234,-168456,4233
1688984762236,-168456,4233
1688984762240,-168456,4233
1688984762243,-168456,4233
1688984762246,-168456,4233
1688984762248,-168456,4233
1688984762251,-168456,4233
1688984762254,-168456,4233
1688984762256,-168456,4233
1688984762260,-168456,4233
1688984762263,-168456,4233
1688984762266,-168456,4233
1688984762269,-168456,4233
1688984762272,-168456,4233
1688984762275,-168456,4233
1688984762277,-168456,4233
1688984762280,-168456,4233
1688984762283,-168456,4233
1688984762286,-168456,4233
1688984762288,-168456,4233
1688984762291,-168456,4233
1688984762294,-168456,4233
1688984762297,-168456,4233
1688984762302,-168456,4233
1688984762306,-168456,4233
1688984762309,-168456,4233
1688984762312,-168456,4233
1688984762315,-168456,4233
1688984762318,-168456,4233
1688984762321,-168456,4233
1688984762324,-168456,4233
1688984762326,-168456,4233
1688984762329,-168456,4233
1688984762331,-168456,4233
1688984762334,-168456,4233
1688984762336,-168456,4233
1688984762342,-168456,4233
1688984762347,-168456,4233
1688984762351,-168456,4233
1688984762354,-168456,4233
1688984762357,-168456,4233
1688984762361,-168456,4233
1688984762363,-168456,4233
1688984762364,-168456,4233
1688984762366,-168456,4233
1688984762367,-168456,4233
1688984762369,-168456,4233
1688984762371,-168456,4233
1688984762373,-168456,4233
1688984762374,-168456,4233
1688984762378,-168456,4233
1688984762380,-168456,4233
1688984762383,-168456,4233
1688984762385,-168456,4233
1688984762388,-168456,4233
1688984762390,-168456,4233
1688984762392,-168456,4233
1688984762395,-168456,4233
1688984762397,-168456,4233
1688984762399,-168456,4233
1688984762401,-168456,4233
1688984762403,-168456,4233
1688984762405,-168456,4233
1688984762407,-168456,4233
1688984762409,-168456,4233
1688984762410,-168456,4233
1688984762411,-168456,4233
1688984762412,-168456,4233
1688984762413,-168456,4233
1688984762414,-168456,4233
1688984762415,-168456,4233
1688984762417,-168456,4233
1688984762418,-168456,4233
1688984762419,-168456,4233
1688984762420,-168456,4233
1688984762422,-168456,4233
1688984762423,-168456,4233
1688984762424,-168456,4233
1688984762425,-168456,4233
1688984762426,-168456,4233
1688984762427,-168456,4233
1688984762428,-168456,4233
1688984762429,-168456,4233
1688984762429,-168456,4233
1688984762431,-168456,4233
1688984762432,-168456,4233
1688984762432,-168456,4233
1688984762433,-168456,4233
1688984762434,-168456,4233
1688984762435,-168456,4233
1688984762435,-168456,4233
1688984762436,-168456,4233
1688984762437,-168456,4233
1688984762437,-168456,4233
1688984762438,-168456,4233
1688984762439,-168456,4233
1688984762441,-168456,4233
1688984762443,-168456,4233
1688984762444,-168456,4233
1688984762446,-168456,4233
1688984762447,-168456,4233
1688984762448,-168456,4233
1688984762450,-168456,4233
1688984762451,-168456,4233
1688984762452,-168456,4233
1688984762453,-168456,4233
1688984762454,-168456,4233
1688984762455,-168456,4233
1688984762457,-168456,4233
1688984762458,-168456,4233
1688984762461,-168456,4233
1688984762462,-168456,4233
1688984762464,-168456,4233
1688984762465,-168456,4233
1688984762466,-168456,4233
1688984762468,-168456,4233
1688984762469,-168456,4233
1688984762471,-168456,4233
1688984762472,-168456,4233
1688984762474,-168456,4233
1688984762475,-168456,4233
1688984762477,-168456,4233
1688984762479,-168456,4233
1688984762483,-168456,4233
1688984762485,-168456,4233
1688984762488,-168456,4233
1688984762490,-168456,4233
1688984762493,-168456,4233
1688984762495,-168456,4233
1688984762500,-168456,4233
1688984762504,-168456,4233
1688984762506,-168456,4233
1688984762509,-168456,4233
1688984762512,-168456,4233
1688984762514,-168456,4233
1688984762517,-168456,4233
1688984762520,-168456,4233
1688984762523,-168456,4233
1688984762526,-168456,4233
1688984762529,-168456,4233
1688984762532,-168456,4233
1688984762535,-168456,4233
1688984762538,-168456,4233
1688984762542,-168456,4233
1688984762545,-168456,4233
1688984762548,-168456,4233
1688984762551,-168456,4233
1688984762554,-168456,4233
1688984762557,-168456,4233
1688984762560,-168456,4233
1688984762563,-168456,4233
1688984762566,-168456,4233
1688984762568,-168456,4233
1688984762573,-168456,4233
1688984762575,-168456,4233
1688984762578,-168456,4233
1688984762581,-168456,4233
1688984762584,-168456,4233
1688984762587,-168456,4233
1688984762589,-168456,4233
1688984762592,-168456,4233
1688984762594,-168456,4233
1688984762597,-168456,4233
1688984762599,-168456,4233
1688984762603,-168456,4233
1688984762605,-168456,4233
1688984762607,-168456,4233
1688984762609,-168456,4233
1688984762611,-168456,4233
1688984762614,-168456,4233
1688984762616,-168456,4233
1688984762618,-168456,4233
1688984762621,-168456,4233
1688984762623,-168456,4233
1688984762625,-168456,4233
1688984762627,-168456,4233
1688984762630,-168456,4233
1688984762632,-168456,4233
1688984762634,-168456,4233
1688984762636,-168456,4233
1688984762637,-168456,4233
1688984762640,-168456,4233
1688984762642,-168456,4233
1688984762648,-168456,4233
1688984762651,-168456,4233
1688984762653,-168456,4233
1688984762655,-168456,4233
1688984762657,-168456,4233
1688984762660,-168456,4233
1688984762662,-168456,4233
1688984762665,-168456,4233
1688984762667,-168456,4233
1688984762669,-168456,4233
1688984762671,-168456,4233
1688984762673,-168456,4233
1688984762675,-168456,4233
1688984762677,-168456,4233
1688984762679,-168456,4233
1688984762682,-168456,4233
1688984762684,-168456,4233
1688984762686,-168456,4233
1688984762687,-168456,4233
1688984762690,-168456,4233
1688984762692,-168456,4233
1688984762694,-168456,4233
1688984762697,-168456,4233
1688984762699,-168456,4233
1688984762702,-168456,4233
1688984762704,-168456,4233
1688984762706,-168456,4233
1688984762708,-168456,4233
1688984762711,-168456,4233
1688984762713,-168456,4233
1688984762715,-168456,4233
1688984762717,-168456,4233
1688984762720,-168456,4233
1688984762723,-168456,4233
1688984762725,-168456,4233
1688984762727,-168456,4233
1688984762729,-168456,4233
1688984762732,-168456,4233
1688984762734,-168456,4233
1688984762736,-168456,4233
1688984762739,-168456,4233
1688984762741,-168456,4233
1688984762743,-168456,4233
1688984762745,-168456,4233
1688984762747,-168456,4233
1688984762750,-168456,4233
1688984762752,-168456,4233
1688984762754,-168456,4233
1688984762756,-168456,4233
1688984762758,-168456,4233
1688984762761,-168456,4233
1688984762763,-168456,4233
1688984762765,-168456,4233
1688984762768,-168456,4233
1688984762770,-168456,4233
1688984762772,-168456,4233
1688984762774,-168456,4233
1688984762777,-168456,4233
1688984762780,-168456,4233
1688984762782,-168456,4233
1688984762784,-168456,4233
1688984762786,-168456,4233
1688984762789,-168456,4233
1688984762791,-168456,4233
1688984762793,-168456,4233
1688984762795,-168456,4233
1688984762797,-168456,4233
1688984762800,-168456,4233
1688984762802,-168456,4233
1688984762804,-168456,4233
1688984762806,-168456,4233
1688984762809,-168456,4233
1688984762811,-168456,4233
1688984762813,-168456,4233
1688984762815,-168456,4233
1688984762818,-168456,4233
1688984762821,-168456,4233
1688984762823,-168456,4233
1688984762825,-168456,4233
1688984762827,-168456,4233
1688984762830,-168456,4233
1688984762833,-168456,4233
1688984762835,-168456,4233
1688984762838,-168456,4233
1688984762841,-168456,4233
1688984762844,-168456,4233
1688984762847,-168456,4233
1688984762849,-168456,4233
1688984762852,-168456,4233
1688984762855,-168456,4233
1688984762858,-168456,4233
1688984762862,-168456,4233
1688984762865,-168456,4233
1688984762867,-168456,4233
1688984762872,-168456,4233
1688984762875,-168456,4233
1688984762877,-168456,4233
1688984762881,-168456,4233
1688984762884,-168456,4233
1688984762887,-168456,4233
1688984762890,-168456,4233
1688984762892,-168456,4233
1688984762895,-168456,4233
1688984762898,-168456,4233
1688984762901,-168456,4233
1688984762904,-168456,4233
1688984762906,-168456,4233
1688984762909,-168456,4233
1688984762912,-168456,4233
1688984762915,-168456,4233
1688984762918,-168456,4233
1688984762921,-168456,4233
1688984762924,-168456,4233
1688984762937,-168456,4233
1688984762941,-168456,4233
1688984762943,-168456,4233
1688984762946,-168456,4233
1688984762949,-168456,4233
1688984762953,-168456,4233
1688984762957,-168456,4233
1688984762970,-168456,4233
1688984762975,-168456,4233
1688984762983,-168456,4233
1688984762985,-168456,4233
1688984762988,-168456,4233
1688984762991,-168456,4233
1688984762999,-168456,4233
1688984763007,-168456,4233
1688984763010,-168456,4233
1688984763012,-168456,4233
1688984763015,-168456,4233
1688984763024,-168456,4233
1688984763028,-168456,4233
1688984763034,-168456,4233
1688984763040,-168456,4233
1688984763042,-168456,4233
1688984763044,-168456,4233
1688984763045,-168456,4233
1688984763046,-168456,4233
1688984763047,-168456,4233
1688984763048,-168456,4233
1688984763049,-168456,4233
1688984763050,-168456,4233
1688984763051,-168456,4233
1688984763053,-168456,4233
1688984763054,-168456,4233
1688984763055,-168456,4233
1688984763057,-168456,4233
1688984763058,-168456,4233
1688984763059,-168456,4233
1688984763061,-168456,4233
1688984763062,-168456,4233
1688984763064,-168456,4233
1688984763066,-168456,4233
1688984763067,-168456,4233
1688984763068,-168456,4233
1688984763070,-168456,4233
1688984763071,-168456,4233
1688984763073,-168456,4233
1688984763074,-168456,4233
1688984763075,-168456,4233
1688984763077,-168456,4233
1688984763079,-168456,4233
1688984763082,-168456,4233
1688984763085,-168456,4233
1688984763088,-168456,4233
1688984763091,-168456,4233
1688984763094,-168456,4233
1688984763098,-168456,4233
1688984763101,-168456,4233
1688984763104,-168456,4233
1688984763107,-168456,4233
1688984763111,-168456,4233
1688984763113,-168456,4233
1688984763116,-168456,4233
1688984763120,-168456,4233
1688984763123,-168456,4233
1688984763126,-168456,4233
1688984763129,-168456,4233
1688984763132,-168456,4233
1688984763136,-168456,4233
1688984763139,-168456,4233
1688984763142,-168456,4233
1688984763145,-168456,4233
1688984763148,-168456,4233
1688984763151,-168456,4233
1688984763153,-168456,4233
1688984763155,-168456,4233
1688984763157,-168456,4233
1688984763158,-168456,4233
1688984763161,-168456,4233
1688984763164,-168456,4233
1688984763166,-168456,4233
1688984763170,-168456,4233
1688984763174,-168456,4233
1688984763177,-168456,4233
1688984763182,-168456,4233
1688984763185,-168456,4233
1688984763187,-168456,4233
1688984763191,-168456,4233
1688984763194,-168456,4233
1688984763196,-168456,4233
1688984763199,-168456,4233
1688984763202,-168456,4233
1688984763205,-168456,4233
1688984763208,-168456,4233
1688984763211,-168456,4233
1688984763214,-168456,4233
1688984763218,-168456,4233
1688984763221,-168456,4233
1688984763223,-168456,4233
1688984763225,-168456,4233
1688984763227,-168456,4233
1688984763229,-168456,4233
1688984763231,-168456,4233
1688984763233,-168456,4233
1688984763235,-168456,4233
1688984763237,-168456,4233
1688984763240,-168456,4233
1688984763241,-168456,4233
1688984763243,-168456,4233
1688984763244,-168456,4233
1688984763246,-168456,4233
1688984763247,-168456,4233
1688984763249,-168456,4233
1688984763250,-168456,4233
1688984763252,-168456,4233
1688984763254,-168456,4233
1688984763255,-168456,4233
1688984763257,-168456,4233
1688984763258,-168456,4233
1688984763260,-168456,4233
1688984763262,-168456,4233
1688984763263,-168456,4233
1688984763264,-168456,4233
1688984763266,-168456,4233
1688984763268,-168456,4233
1688984763270,-168456,4233
1688984763271,-168456,4233
1688984763273,-168456,4233
1688984763275,-168456,4233
1688984763276,-168456,4233
1688984763278,-168456,4233
1688984763280,-168456,4233
1688984763284,-168456,4233
1688984763287,-168456,4233
1688984763290,-168456,4233
1688984763294,-168456,4233
1688984763298,-168456,4233
1688984763302,-168456,4233
1688984763305,-168456,4233
1688984763309,-168456,4233
1688984763312,-168456,4233
1688984763315,-168456,4233
1688984763318,-168456,4233
1688984763322,-168456,4233
1688984763325,-168456,4233
1688984763328,-168456,4233
1688984763331,-168456,4233
1688984763334,-168456,4233
1688984763337,-168456,4233
1688984763340,-168456,4233
1688984763343,-168456,4233
1688984763345,-168456,4233
1688984763348,-168456,4233
1688984763352,-168456,4233
1688984763355,-168456,4233
1688984763358,-168456,4233
1688984763361,-168456,4233
1688984763363,-168456,4233
1688984763366,-168456,4233
1688984763368,-168456,4233
1688984763371,-168456,4233
1688984763376,-168456,4233
1688984763378,-168456,4233
1688984763382,-168456,4233
1688984763385,-168456,4233
1688984763387,-168456,4233
1688984763389,-168456,4233
1688984763392,-168456,4233
1688984763395,-168456,4233
1688984763397,-168456,4233
1688984763400,-168456,4233
1688984763403,-168456,4233
1688984763405,-168456,4233
1688984763408,-168456,4233
1688984763411,-168456,4233
1688984763414,-168456,4233
1688984763418,-168456,4233
1688984763421,-168456,4233
1688984763424,-168456,4233
1688984763426,-168456,4233
1688984763429,-168456,4233
1688984763432,-168456,4233
1688984763435,-168456,4233
1688984763438,-168456,4233
1688984763442,-168456,4233
1688984763445,-168456,4233
1688984763448,-168456,4233
1688984763451,-168456,4233
1688984763455,-168456,4233
1688984763459,-168456,4233
1688984763463,-168456,4233
1688984763465,-168456,4233
1688984763468,-168456,4233
1688984763471,-168456,4233
1688984763473,-168456,4233
1688984763476,-168456,4233
1688984763479,-168456,4233
1688984763483,-168456,4233
1688984763485,-168456,4233
1688984763488,-168456,4233
1688984763490,-168456,4233
1688984763494,-168456,4233
1688984763497,-168456,4233
1688984763500,-168456,4233
1688984763503,-168456,4233
1688984763506,-168456,4233
1688984763508,-168456,4233
1688984763512,-168456,4233
1688984763515,-168456,4233
1688984763517,-168456,4233
1688984763520,-168456,4233
1688984763524,-168456,4233
1688984763526,-168456,4233
1688984763528,-168456,4233
1688984763532,-168456,4233
1688984763536,-168456,4233
1688984763539,-168456,4233
1688984763542,-168456,4233
1688984763544,-168456,4233
1688984763547,-168456,4233
1688984763550,-168456,4233
1688984763553,-168456,4233
1688984763556,-168456,4233
1688984763559,-168456,4233
1688984763561,-168456,4233
1688984763564,-168456,4233
1688984763567,-168456,4233
1688984763570,-168456,4233
1688984763574,-168456,4233
1688984763577,-168456,4233
1688984763580,-135742,4233
1688984763583,-135742,4233
1688984763585,-135742,4233
1688984763588,-135742,4233
1688984763592,-135742,4233
1688984763595,-135742,4233
1688984763598,-135742,4233
1688984763601,-135742,4233
1688984763603,-135742,4233
1688984763606,-135742,4233
1688984763608,-135742,4233
1688984763611,-135742,4233
1688984763615,-135742,4233
1688984763618,-135742,4233
1688984763623,-135742,4233
1688984763626,-135742,4233
1688984763628,-135742,4233
1688984763631,-135742,4233
1688984763634,-135742,4233
1688984763638,-135742,4233
1688984763642,-135742,4233
1688984763645,-135742,4233
1688984763657,-135742,4233
1688984763662,-135742,4233
1688984763665,-135742,4233
1688984763667,-135742,4233
1688984763670,-135742,4233
1688984763673,-135742,4233
1688984763675,-135742,4233
1688984763677,-135742,4233
1688984763681,-135742,4233
1688984763683,-135742,4233
1688984763685,-135742,4233
1688984763687,-135742,4233
1688984763689,-135742,4233
1688984763692,-135742,4233
1688984763695,-135742,4233
1688984763698,-135742,4233
1688984763701,-135742,4233
1688984763704,-135742,4233
1688984763706,-135742,4233
1688984763708,-135742,4233
1688984763712,-135742,4233
1688984763714,-135742,4233
1688984763716,-135742,4233
1688984763719,-135742,4233
1688984763721,-135742,4233
1688984763724,-135742,4233
1688984763727,-135742,4233
1688984763730,-135742,4233
1688984763732,-135742,4233
1688984763735,-135742,4233
1688984763737,-135742,4233
1688984763739,-135742,4233
1688984763741,-135742,4233
1688984763743,-135742,4233
1688984763745,-135742,4233
1688984763747,-135742,4233
1688984763750,-135742,4233
1688984763752,-135742,4233
1688984763754,-135742,4233
1688984763756,-135742,4233
1688984763757,-135742,4233
1688984763760,-135742,4233
1688984763762,-135742,4233
1688984763764,-135742,4233
1688984763766,-135742,4233
1688984763768,-135742,4233
1688984763771,-135742,4233
1688984763774,-135742,4233
1688984763776,-135742,4233
1688984763778,-135742,4233
1688984763781,-135742,4233
1688984763783,-135742,4233
1688984763785,-135742,4233
1688984763788,-135742,4233
1688984763790,-135742,4233
1688984763792,-135742,4233
1688984763794,-135742,4233
1688984763796,-135742,4233
1688984763798,-135742,4233
1688984763802,-135742,4233
1688984763804,-135742,4233
1688984763806,-135742,4233
1688984763808,-135742,4233
1688984763811,-135742,4233
1688984763813,-135742,4233
1688984763815,-135742,4233
1688984763817,-135742,4233
1688984763819,-135742,4233
1688984763822,-135742,4233
1688984763824,-135742,4233
1688984763826,-135742,4233
1688984763828,-135742,4233
1688984763831,-135742,4233
1688984763834,-135742,4233
1688984763836,-135742,4233
1688984763838,-135742,4233
1688984763840,-135742,4233
1688984763843,-135742,4233
1688984763845,-135742,4233
1688984763847,-135742,4233
1688984763849,-135742,4233
1688984763851,-135742,4233
1688984763853,-135742,4233
1688984763855,-135742,4233
1688984763858,-135742,4233
1688984763860,-135742,4233
1688984763862,-135742,4233
1688984763864,-135742,4233
1688984763866,-135742,4233
1688984763869,-135742,4233
1688984763871,-135742,4233
1688984763873,-135742,4233
1688984763875,-135742,4233
1688984763877,-135742,4233
1688984763880,-135742,4233
1688984763882,-135742,4233
1688984763884,-135742,4233
1688984763886,-135742,4233
1688984763888,-135742,4233
1688984763891,-135742,4233
1688984763893,-135742,4233
1688984763896,-135742,4233
1688984763898,-135742,4233
1688984763900,-135742,4233
1688984763903,-135742,4233
1688984763905,-135742,4233
1688984763907,-135742,4233
1688984763909,-135742,4233
1688984763911,-135742,4233
1688984763913,-135742,4233
1688984763915,-135742,4233
1688984763917,-135742,4233
1688984763920,-135742,4233
1688984763922,-135742,4233
1688984763925,-135742,4233
1688984763927,-135742,4233
1688984763930,-135742,4233
1688984763933,-135742,4233
1688984763935,-135742,4233
1688984763938,-135742,4233
1688984763941,-135742,4233
1688984763943,-135742,4233
1688984763945,-135742,4233
1688984763948,-135742,4233
1688984763950,-135742,4233
1688984763953,-135742,4233
1688984763955,-135742,4233
1688984763957,-135742,4233
1688984763960,-135742,4233
1688984763963,-135742,4233
1688984763965,-135742,4233
1688984763968,-135742,4233
1688984763973,-135742,4233
1688984763976,-135742,4233
1688984763979,-135742,4233
1688984763982,-135742,4233
1688984763985,-135742,4233
1688984763987,-135742,4233
1688984763990,-135742,4233
1688984763992,-135742,4233
1688984763995,-135742,4233
1688984763997,-135742,4233
1688984764000,-135742,4233
1688984764004,-135742,4233
1688984764006,-135742,4233
1688984764009,-135742,4233
1688984764012,-135742,4233
1688984764015,-135742,4233
1688984764018,-135742,4233
1688984764021,-135742,4233
1688984764024,-135742,4233
1688984764027,-135742,4233
1688984764030,-135742,4233
1688984764033,-135742,4233
1688984764035,-135742,4233
1688984764038,-135742,4233
1688984764041,-135742,4233
1688984764044,-135742,4233
1688984764047,-135742,4233
1688984764050,-135742,4233
1688984764053,-135742,4233
1688984764056,-135742,4233
1688984764059,-135742,4233
1688984764061,-135742,4233
1688984764064,-135742,4233
1688984764067,-135742,4233
1688984764069,-135742,4233
1688984764072,-135742,4233
1688984764075,-135742,4233
1688984764077,-135742,4233
1688984764079,-135742,4233
1688984764081,-135742,4233
1688984764084,-135742,4233
1688984764086,-135742,4233
1688984764091,-135742,4233
1688984764095,-135742,4233
1688984764098,-135742,4233
1688984764101,-135742,4233
1688984764104,-135742,4233
1688984764106,-135742,4233
1688984764108,-135742,4233
1688984764112,-135742,4233
1688984764114,-135742,4233
1688984764117,-135742,4233
1688984764120,-135742,4233
1688984764124,-135742,4233
1688984764126,-135742,4233
1688984764129,-135742,4233
1688984764132,-135742,4233
1688984764135,-135742,4233
1688984764138,-135742,4233
1688984764140,-135742,4233
1688984764143,-135742,4233
1688984764146,-135742,4233
1688984764148,-135742,4233
1688984764152,-135742,4233
1688984764155,-135742,4233
1688984764157,-135742,4233
1688984764160,-135742,4233
1688984764163,-135742,4233
1688984764165,-135742,4233
1688984764168,-135742,4233
1688984764172,-135742,4233
1688984764176,-135742,4233
1688984764178,-135742,4233
1688984764181,-135742,4233
1688984764184,-135742,4233
1688984764186,-135742,4233
1688984764188,-135742,4233
1688984764191,-135742,4233
1688984764194,-135742,4233
1688984764196,-135742,4233
1688984764198,-135742,4233
1688984764202,-135742,4233
1688984764204,-135742,4233
1688984764207,-135742,4233
1688984764211,-135742,4233
1688984764214,-135742,4233
1688984764216,-135742,4233
1688984764219,-135742,4233
1688984764221,-135742,4233
1688984764225,-135742,4233
1688984764227,-135742,4233
1688984764230,-135742,4233
1688984764233,-135742,4233
1688984764236,-135742,4233
1688984764238,-135742,4233
1688984764242,-135742,4233
1688984764245,-135742,4233
1688984764248,-135742,4233
1688984764252,-135742,4233
1688984764256,-135742,4233
1688984764258,-135742,4233
1688984764262,-135742,4233
1688984764264,-135742,4233
1688984764267,-135742,4233
1688984764270,-135742,4233
1688984764273,-135742,4233
1688984764276,-135742,4233
1688984764280,-135742,4233
1688984764283,-135742,4233
1688984764285,-135742,4233
1688984764289,-135742,4233
1688984764292,-135742,4233
1688984764295,-135742,4233
1688984764297,-135742,4233
1688984764301,-135742,4233
1688984764304,-135742,4233
1688984764307,-135742,4233
1688984764310,-135742,4233
1688984764313,-135742,4233
1688984764315,-135742,4233
1688984764318,-135742,4233
1688984764322,-135742,4233
1688984764325,-135742,4233
1688984764328,-135742,4233
1688984764332,-135742,4233
1688984764335,-135742,4233
1688984764338,-135742,4233
1688984764341,-135742,4233
1688984764344,-135742,4233
1688984764347,-135742,4233
1688984764350,-135742,4233
1688984764353,-135742,4233
1688984764355,-135742,4233
1688984764358,-135742,4233
1688984764361,-135742,4233
1688984764364,-135742,4233
1688984764366,-135742,4233
1688984764369,-135742,4233
1688984764372,-135742,4233
1688984764375,-135742,4233
1688984764379,-135742,4233
1688984764382,-135742,4233
1688984764384,-135742,4233
1688984764386,-135742,4233
1688984764387,-135742,4233
1688984764389,-135742,4233
1688984764392,-135742,4233
1688984764394,-135742,4233
1688984764396,-135742,4233
1688984764398,-135742,4233
1688984764402,-135742,4233
1688984764403,-135742,4233
1688984764405,-135742,4233
1688984764407,-135742,4233
1688984764409,-135742,4233
1688984764411,-135742,4233
1688984764412,-135742,4233
1688984764414,-135742,4233
1688984764416,-135742,4233
1688984764417,-135742,4233
1688984764419,-135742,4233
1688984764421,-135742,4233
1688984764423,-135742,4233
1688984764424,-135742,4233
1688984764426,-135742,4233
1688984764427,-135742,4233
1688984764429,-135742,4233
1688984764431,-135742,4233
1688984764433,-135742,4233
1688984764435,-135742,4233
1688984764436,-135742,4233
1688984764437,-135742,4233
1688984764440,-135742,4233
1688984764443,-135742,4233
1688984764445,-135742,4233
1688984764448,-135742,4233
1688984764451,-135742,4233
1688984764454,-135742,4233
1688984764459,-135742,4233
1688984764462,-135742,4233
1688984764464,-135742,4233
1688984764466,-135742,4233
1688984764468,-135742,4233
1688984764470,-135742,4233
1688984764472,-135742,4233
1688984764475,-135742,4233
1688984764477,-135742,4233
1688984764478,-135742,4233
1688984764480,-135742,4233
1688984764482,-135742,4233
1688984764483,-135742,4233
1688984764485,-135742,4233
1688984764487,-135742,4233
1688984764490,-135742,4233
1688984764491,-135742,4233
1688984764493,-135742,4233
1688984764494,-135742,4233
1688984764495,-135742,4233
1688984764497,-135742,4233
1688984764498,-135742,4233
1688984764499,-135742,4233
1688984764501,-135742,4233
1688984764503,-135742,4233
1688984764505,-135742,4233
1688984764506,-135742,4233
1688984764509,-135742,4233
1688984764511,-135742,4233
1688984764513,-135742,4233
1688984764514,-135742,4233
1688984764516,-135742,4233
1688984764518,-135742,4233
1688984764521,-135742,4233
1688984764523,-135742,4233
1688984764524,-135742,4233
1688984764527,-135742,4233
1688984764529,-135742,4233
1688984764531,-135742,4233
1688984764532,-135742,4233
1688984764534,-135742,4233
1688984764536,-135742,4233
1688984764538,-135742,4233
1688984764540,-135742,4233
1688984764543,-135742,4233
1688984764546,-135742,4233
1688984764551,-135742,4233
1688984764554,-135742,4233
1688984764557,-135742,4233
1688984764560,-135742,4233
1688984764563,-135742,4233
1688984764566,-135742,4233
1688984764570,-135742,4233
1688984764573,-135742,4233
1688984764576,-135742,4233
1688984764578,-135742,4233
1688984764581,-135742,4233
1688984764584,-135742,4233
1688984764586,-135742,4233
1688984764590,-135742,4233
1688984764593,-135742,4233
1688984764595,-135742,4233
1688984764598,-135742,4233
1688984764601,-135742,4233
1688984764604,-135742,4233
1688984764607,-135742,4233
1688984764611,-135742,4233
1688984764614,-135742,4233
1688984764617,-135742,4233
1688984764621,-135742,4233
1688984764623,-135742,4233
1688984764626,-135742,4233
1688984764629,-135742,4233
1688984764632,-135742,4233
1688984764633,-135742,4233
1688984764635,-135742,4233
1688984764636,-135742,4233
1688984764638,-135742,4233
1688984764642,-135742,4233
1688984764645,-135742,4233
1688984764648,-135742,4233
1688984764651,-135742,4233
1688984764658,-135742,4233
1688984764662,-135742,4233
1688984764665,-135742,4233
1688984764668,-135742,4233
1688984764671,-135742,4233
1688984764674,-135742,4233
1688984764677,-135742,4233
1688984764680,-135742,4233
1688984764683,-135742,4233
1688984764686,-135742,4233
1688984764690,-135742,4233
1688984764693,-135742,4233
1688984764696,-135742,4233
1688984764699,-135742,4233
1688984764702,-135742,4233
1688984764704,-135742,4233
1688984764707,-135742,4233
1688984764709,-135742,4233
1688984764712,-135742,4233
1688984764715,-135742,4233
1688984764718,-135742,4233
1688984764722,-135742,4233
1688984764725,-135742,4233
1688984764728,-135742,4233
1688984764732,-135742,4233
1688984764735,-135742,4233
1688984764737,-135742,4233
1688984764740,-135742,4233
1688984764744,-135742,4233
1688984764746,-135742,4233
1688984764750,-135742,4233
1688984764752,-135742,4233
1688984764755,-135742,4233
1688984764757,-135742,4233
1688984764761,-135742,4233
1688984764764,-135742,4233
1688984764767,-135742,4233
1688984764770,-135742,4233
1688984764773,-135742,4233
1688984764776,-135742,4233
1688984764778,-135742,4233
1688984764781,-135742,4233
1688984764784,-135742,4233
1688984764786,-135742,4233
1688984764787,-135742,4233
1688984764790,-135742,4233
1688984764793,-135742,4233
1688984764796,-135742,4233
1688984764798,-135742,4233
1688984764801,-135742,4233
1688984764804,-135742,4233
1688984764808,-135742,4233
1688984764812,-135742,4233
1688984764815,-135742,4233
1688984764818,-135742,4233
1688984764822,-135742,4233
1688984764825,-135742,4233
1688984764827,-135742,4233
1688984764830,-135742,4233
1688984764832,-135742,4233
1688984764835,-135742,4233
1688984764837,-135742,4233
1688984764840,-135742,4233
1688984764842,-135742,4233
1688984764845,-135742,4233
1688984764848,-135742,4233
1688984764851,-135742,4233
1688984764854,-135742,4233
1688984764857,-135742,4233
1688984764859,-135742,4233
1688984764861,-135742,4233
1688984764863,-135742,4233
1688984764865,-135742,4233
1688984764868,-135742,4233
1688984764870,-135742,4233
1688984764872,-135742,4233
1688984764874,-135742,4233
1688984764876,-135742,4233
1688984764879,-135742,4233
1688984764881,-135742,4233
1688984764883,-135742,4233
1688984764886,-135742,4233
1688984764888,-135742,4233
1688984764890,-135742,4233
1688984764892,-135742,4233
1688984764894,-135742,4233
1688984764896,-135742,4233
1688984764898,-135742,4233
1688984764900,-135742,4233
1688984764902,-135742,4233
1688984764904,-135742,4233
1688984764906,-135742,4233
1688984764908,-135742,4233
1688984764911,-135742,4233
1688984764913,-135742,4233
1688984764915,-135742,4233
1688984764917,-135742,4233
1688984764919,-135742,4233
1688984764922,-135742,4233
1688984764924,-135742,4233
1688984764926,-135742,4233
1688984764929,-135742,4233
1688984764931,-135742,4233
1688984764933,-135742,4233
1688984764935,-135742,4233
1688984764937,-135742,4233
1688984764940,-135742,4233
1688984764943,-135742,4233
1688984764946,-135742,4233
1688984764948,-135742,4233
1688984764950,-135742,4233
1688984764952,-135742,4233
1688984764954,-135742,4233
1688984764956,-135742,4233
1688984764958,-135742,4233
1688984764961,-135742,4233
1688984764963,-135742,4233
1688984764965,-135742,4233
1688984764967,-135742,4233
1688984764969,-135742,4233
1688984764972,-135742,4233
1688984764974,-135742,4233
1688984764976,-135742,4233
1688984764978,-135742,4233
1688984764980,-135742,4233
1688984764982,-135742,4233
1688984764985,-135742,4233
1688984764987,-135742,4233
1688984764989,-135742,4233
1688984764991,-135742,4233
1688984764993,-135742,4233
1688984764995,-135742,4233
1688984764998,-135742,4233
1688984765001,-135742,4233
1688984765004,-135742,4233
1688984765006,-135742,4233
1688984765009,-135742,4233
1688984765011,-135742,4233
1688984765014,-135742,4233
1688984765016,-135742,4233
1688984765018,-135742,4233
1688984765020,-135742,4233
1688984765023,-135742,4233
1688984765025,-135742,4233
1688984765027,-135742,4233
1688984765029,-135742,4233
1688984765032,-135742,4233
1688984765034,-135742,4233
1688984765036,-135742,4233
1688984765038,-135742,4233
1688984765040,-135742,4233
1688984765043,-135742,4233
1688984765045,-135742,4233
1688984765048,-135742,4233
1688984765050,-218261,4233
1688984765052,-218261,4233
1688984765054,-218261,4233
1688984765057,-218261,4233
1688984765059,-218261,4233
1688984765061,-218261,4233
1688984765064,-218261,4233
1688984765066,-218261,4233
1688984765068,-218261,4233
1688984765070,-218261,4233
1688984765072,-218261,4233
1688984765075,-218261,4233
1688984765077,-218261,4233
1688984765079,-218261,4233
1688984765081,-218261,4233
1688984765085,-218261,4233
1688984765087,-218261,4233
1688984765090,-218261,4233
1688984765092,-218261,4233
1688984765094,-218261,4233
1688984765095,-218261,4233
1688984765097,-218261,4233
1688984765099,-218261,4233
1688984765101,-218261,4233
1688984765102,-218261,4233
1688984765103,-218261,4233
1688984765105,-218261,4233
1688984765106,-218261,4233
1688984765107,-218261,4233
1688984765109,-218261,4233
1688984765111,-218261,4233
1688984765112,-218261,4233
1688984765113,-218261,4233
1688984765115,-218261,4233
1688984765116,-218261,4233
1688984765117,-218261,4233
1688984765119,-218261,4233
1688984765121,-218261,4233
1688984765123,-218261,4233
1688984765124,-218261,4233
1688984765126,-218261,4233
1688984765127,-218261,4233
1688984765129,-218261,4233
1688984765130,-218261,4233
1688984765132,-218261,4233
1688984765134,-218261,4233
1688984765135,-218261,4233
1688984765137,-218261,4233
1688984765138,-218261,4233
1688984765141,-218261,4233
1688984765144,-218261,4233
1688984765147,-218261,4233
1688984765151,-218261,4233
1688984765154,-218261,4233
1688984765157,-218261,4233
1688984765160,-218261,4233
1688984765164,-218261,4233
1688984765168,-218261,4233
1688984765171,-218261,4233
1688984765174,-218261,4233
1688984765176,-218261,4233
1688984765179,-218261,4233
1688984765182,-218261,4233
1688984765185,-218261,4233
1688984765188,-218261,4233
1688984765191,-218261,4233
1688984765195,-218261,4233
1688984765198,-218261,4233
1688984765201,-218261,4233
1688984765205,-218261,4233
1688984765208,-218261,4233
1688984765211,-218261,4233
1688984765214,-218261,4233
1688984765217,-218261,4233
1688984765220,-218261,4233
1688984765223,-218261,4233
1688984765226,-218261,4233
1688984765228,-218261,4233
1688984765231,-218261,4233
1688984765234,-218261,4233
1688984765236,-218261,4233
1688984765241,-218261,4233
1688984765245,-218261,4233
1688984765248,-218261,4233
1688984765252,-218261,4233
1688984765255,-218261,4233
1688984765258,-218261,4233
1688984765260,-218261,4233
1688984765263,-218261,4233
1688984765266,-218261,4233
1688984765268,-218261,4233
1688984765271,-218261,4233
1688984765274,-218261,4233
1688984765277,-218261,4233
1688984765280,-218261,4233
1688984765283,-218261,4233
1688984765287,-218261,4233
1688984765290,-218261,4233
1688984765293,-218261,4233
1688984765296,-218261,4233
1688984765298,-218261,4233
1688984765302,-218261,4233
1688984765306,-218261,4233
1688984765309,-218261,4233
1688984765313,-218261,4233
1688984765316,-218261,4233
1688984765318,-218261,4233
1688984765323,-218261,4233
1688984765327,-218261,4233
1688984765333,-218261,4233
1688984765337,-218261,4233
1688984765341,-218261,4233
1688984765343,-218261,4233
1688984765346,-218261,4233
1688984765349,-218261,4233
1688984765352,-218261,4233
1688984765355,-218261,4233
1688984765358,-218261,4233
1688984765362,-218261,4233
1688984765365,-218261,4233
1688984765368,-218261,4233
1688984765371,-218261,4233
1688984765374,-218261,4233
1688984765377,-218261,4233
1688984765380,-218261,4233
1688984765383,-218261,4233
1688984765385,-218261,4233
1688984765388,-218261,4233
1688984765392,-218261,4233
1688984765395,-218261,4233
1688984765397,-218261,4233
1688984765400,-218261,4233
1688984765403,-218261,4233
1688984765405,-218261,4233
1688984765408,-218261,4233
1688984765410,-218261,4233
1688984765413,-218261,4233
1688984765416,-218261,4233
1688984765418,-218261,4233
1688984765423,-218261,4233
1688984765426,-218261,4233
1688984765428,-218261,4233
1688984765433,-218261,4233
1688984765436,-218261,4233
1688984765439,-218261,4233
1688984765442,-218261,4233
1688984765444,-218261,4233
1688984765447,-218261,4233
1688984765451,-218261,4233
1688984765454,-218261,4233
1688984765456,-218261,4233
1688984765460,-218261,4233
1688984765463,-218261,4233
1688984765465,-218261,4233
1688984765468,-218261,4233
1688984765472,-218261,4233
1688984765475,-218261,4233
1688984765477,-218261,4233
1688984765481,-218261,4233
1688984765485,-218261,4233
1688984765488,-218261,4233
1688984765492,-218261,4233
1688984765494,-218261,4233
1688984765497,-218261,4233
1688984765501,-218261,4233
1688984765504,-218261,4233
1688984765507,-218261,4233
1688984765510,-218261,4233
1688984765513,-218261,4233
1688984765516,-218261,4233
1688984765518,-218261,4233
1688984765521,-218261,4233
1688984765524,-218261,4233
1688984765527,-218261,4233
1688984765530,-218261,4233
1688984765533,-218261,4233
1688984765536,-218261,4233
1688984765538,-218261,4233
1688984765541,-218261,4233
1688984765543,-218261,4233
1688984765546,-218261,4233
1688984765549,-218261,4233
1688984765552,-218261,4233
1688984765555,-218261,4233
1688984765557,-218261,4233
1688984765561,-218261,4233
1688984765565,-218261,4233
1688984765567,-218261,4233
1688984765572,-218261,4233
1688984765575,-218261,4233
1688984765577,-218261,4233
1688984765581,-218261,4233
1688984765584,-218261,4233
1688984765586,-218261,4233
1688984765589,-218261,4233
1688984765591,-218261,4233
1688984765594,-218261,4233
1688984765597,-218261,4233
1688984765600,-218261,4233
1688984765604,-218261,4233
1688984765608,-218261,4233
1688984765611,-218261,4233
1688984765614,-218261,4233
1688984765617,-218261,4233
1688984765621,-218261,4233
1688984765623,-218261,4233
1688984765626,-218261,4233
1688984765629,-218261,4233
1688984765632,-218261,4233
1688984765635,-218261,4233
1688984765638,-218261,4233
1688984765641,-218261,4233
1688984765643,-218261,4233
1688984765645,-218261,4233
1688984765647,-218261,4233
1688984765650,-218261,4233
1688984765652,-218261,4233
1688984765653,-218261,4233
1688984765655,-218261,4233
1688984765657,-218261,4233
1688984765660,-218261,4233
1688984765664,-218261,4233
1688984765667,-218261,4233
1688984765671,-218261,4233
1688984765674,-218261,4233
1688984765677,-218261,4233
1688984765683,-218261,4233
1688984765687,-218261,4233
1688984765691,-218261,4233
1688984765694,-218261,4233
1688984765697,-218261,4233
1688984765700,-218261,4233
1688984765703,-218261,4233
1688984765706,-218261,4233
1688984765711,-218261,4233
1688984765715,-218261,4233
1688984765718,-218261,4233
1688984765723,-218261,4233
1688984765727,-218261,4233
1688984765731,-218261,4233
1688984765733,-218261,4233
1688984765735,-218261,4233
1688984765737,-218261,4233
1688984765739,-218261,4233
1688984765741,-218261,4233
1688984765742,-218261,4233
1688984765743,-218261,4233
1688984765745,-218261,4233
1688984765746,-218261,4233
1688984765748,-218261,4233
1688984765749,-218261,4233
1688984765751,-218261,4233
1688984765753,-218261,4233
1688984765754,-218261,4233
1688984765755,-218261,4233
1688984765757,-218261,4233
1688984765758,-218261,4233
1688984765760,-218261,4233
1688984765762,-218261,4233
1688984765764,-218261,4233
1688984765765,-218261,4233
1688984765766,-218261,4233
1688984765768,-218261,4233
1688984765771,-218261,4233
1688984765772,-218261,4233
1688984765774,-218261,4233
1688984765776,-218261,4233
1688984765777,-218261,4233
1688984765779,-218261,4233
1688984765782,-218261,4233
1688984765786,-218261,4233
1688984765789,-218261,4233
1688984765792,-218261,4233
1688984765795,-218261,4233
1688984765799,-218261,4233
1688984765803,-218261,4233
1688984765806,-218261,4233
1688984765810,-218261,4233
1688984765813,-218261,4233
1688984765817,-218261,4233
1688984765820,-218261,4233
1688984765823,-218261,4233
1688984765826,-218261,4233
1688984765829,-218261,4233
1688984765832,-218261,4233
1688984765835,-218261,4233
1688984765838,-218261,4233
1688984765842,-218261,4233
1688984765844,-218261,4233
1688984765846,-218261,4233
1688984765847,-218261,4233
1688984765850,-218261,4233
1688984765852,-218261,4233
1688984765854,-218261,4233
1688984765855,-218261,4233
1688984765858,-218261,4233
1688984765861,-218261,4233
1688984765863,-218261,4233
1688984765865,-218261,4233
1688984765866,-218261,4233
1688984765868,-218261,4233
1688984765869,-218261,4233
1688984765871,-218261,4233
1688984765872,-218261,4233
1688984765874,-218261,4233
1688984765875,-218261,4233
1688984765876,-218261,4233
1688984765879,-218261,4233
1688984765881,-218261,4233
1688984765882,-218261,4233
1688984765884,-218261,4233
1688984765885,-218261,4233
1688984765887,-218261,4233
1688984765888,-218261,4233
1688984765889,-218261,4233
1688984765891,-218261,4233
1688984765892,-218261,4233
1688984765894,-218261,4233
1688984765895,-218261,4233
1688984765897,-218261,4233
1688984765899,-218261,4233
1688984765902,-218261,4233
1688984765905,-218261,4233
1688984765908,-218261,4233
1688984765912,-218261,4233
1688984765915,-218261,4233
1688984765918,-218261,4233
1688984765923,-218261,4233
1688984765927,-218261,4233
1688984765930,-218261,4233
1688984765934,-218261,4233
1688984765936,-218261,4233
1688984765939,-218261,4233
1688984765943,-218261,4233
1688984765945,-218261,4233
1688984765948,-218261,4233
1688984765951,-218261,4233
1688984765953,-218261,4233
1688984765956,-218261,4233
1688984765958,-218261,4233
1688984765963,-218261,4233
1688984765965,-218261,4233
1688984765967,-218261,4233
1688984765970,-218261,4233
1688984765972,-218261,4233
1688984765974,-218261,4233
1688984765978,-218261,4233
1688984765981,-218261,4233
1688984765984,-218261,4233
1688984765985,-218261,4233
1688984765987,-218261,4233
1688984765990,-218261,4233
1688984765993,-218261,4233
1688984765995,-218261,4233
1688984765997,-218261,4233
1688984766000,-218261,4233
1688984766002,-218261,4233
1688984766004,-218261,4233
1688984766006,-218261,4233
1688984766008,-218261,4233
1688984766011,-218261,4233
1688984766012,-218261,4233
1688984766015,-218261,4233
1688984766017,-218261,4233
1688984766019,-218261,4233
1688984766021,-218261,4233
1688984766023,-218261,4233
1688984766025,-218261,4233
1688984766027,-218261,4233
1688984766030,-218261,4233
1688984766032,-218261,4233
1688984766034,-218261,4233
1688984766036,-218261,4233
1688984766039,-218261,4233
1688984766042,-218261,4233
1688984766051,-218261,4233
1688984766055,-218261,4233
1688984766059,-218261,4233
1688984766063,-218261,4233
1688984766067,-218261,4233
1688984766071,-218261,4233
1688984766075,-218261,4233
1688984766079,-218261,4233
1688984766084,-218261,4233
1688984766086,-218261,4233
1688984766090,-218261,4233
1688984766094,-218261,4233
1688984766101,-218261,4233
1688984766105,-218261,4233
1688984766108,-218261,4233
1688984766110,-218261,4233
1688984766112,-218261,4233
1688984766114,-218261,4233
1688984766116,-218261,4233
1688984766117,-218261,4233
1688984766119,-218261,4233
1688984766121,-218261,4233
1688984766123,-218261,4233
1688984766124,-218261,4233
1688984766125,-218261,4233
1688984766127,-218261,4233
1688984766128,-218261,4233
1688984766129,-218261,4233
1688984766130,-218261,4233
1688984766132,-218261,4233
1688984766133,-218261,4233
1688984766135,-218261,4233
1688984766136,-218261,4233
1688984766137,-218261,4233
1688984766139,-218261,4233
1688984766141,-218261,4233
1688984766143,-218261,4233
1688984766145,-218261,4233
1688984766148,-218261,4233
1688984766150,-218261,4233
1688984766152,-218261,4233
1688984766155,-218261,4233
1688984766157,-218261,4233
1688984766160,-218261,4233
1688984766162,-218261,4233
1688984766165,-218261,4233
1688984766167,-218261,4233
1688984766170,-218261,4233
1688984766172,-218261,4233
1688984766174,-218261,4233
1688984766176,-218261,4233
1688984766178,-218261,4233
1688984766181,-218261,4233
1688984766183,-218261,4233
1688984766186,-218261,4233
1688984766188,-218261,4233
1688984766190,-218261,4233
1688984766192,-218261,4233
1688984766194,-218261,4233
1688984766196,-218261,4233
1688984766198,-218261,4233
1688984766201,-218261,4233
1688984766203,-218261,4233
1688984766205,-218261,4233
1688984766206,-218261,4233
1688984766208,-218261,4233
1688984766211,-218261,4233
1688984766213,-218261,4233
1688984766215,-218261,4233
1688984766217,-218261,4233
1688984766221,-218261,4233
1688984766223,-218261,4233
1688984766226,-218261,4233
1688984766229,-218261,4233
1688984766232,-218261,4233
1688984766234,-218261,4233
1688984766237,-218261,4233
1688984766241,-218261,4233
1688984766244,-218261,4233
1688984766247,-218261,4233
1688984766250,-218261,4233
1688984766253,-218261,4233
1688984766255,-218261,4233
1688984766257,-218261,4233
1688984766261,-218261,4233
1688984766264,-218261,4233
1688984766267,-218261,4233
1688984766270,-218261,4233
1688984766273,-218261,4233
1688984766278,-218261,4233
1688984766283,-218261,4233
1688984766288,-218261,4233
1688984766291,-218261,4233
1688984766295,-218261,4233
1688984766301,-218261,4233
1688984766304,-218261,4233
1688984766307,-218261,4233
1688984766309,-218261,4233
1688984766312,-218261,4233
1688984766313,-218261,4233
1688984766314,-218261,4233
1688984766316,-218261,4233
1688984766318,-218261,4233
1688984766320,-218261,4233
1688984766322,-218261,4233
1688984766324,-218261,4233
1688984766325,-218261,4233
1688984766326,-218261,4233
1688984766328,-218261,4233
1688984766330,-218261,4233
1688984766331,-218261,4233
1688984766333,-218261,4233
1688984766334,-218261,4233
1688984766336,-218261,4233
1688984766337,-218261,4233
1688984766338,-218261,4233
1688984766340,-218261,4233
1688984766342,-218261,4233
1688984766343,-218261,4233
1688984766344,-218261,4233
1688984766345,-218261,4233
1688984766347,-218261,4233
1688984766348,-218261,4233
1688984766350,-218261,4233
1688984766352,-218261,4233
1688984766353,-218261,4233
1688984766355,-218261,4233
1688984766358,-218261,4233
1688984766360,-218261,4233
1688984766363,-218261,4233
1688984766366,-218261,4233
1688984766369,-218261,4233
1688984766372,-218261,4233
1688984766378,-218261,4233
1688984766383,-218261,4233
1688984766387,-218261,4233
1688984766391,-218261,4233
1688984766394,-218261,4233
1688984766397,-218261,4233
1688984766402,-218261,4233
1688984766404,-218261,4233
1688984766407,-218261,4233
1688984766410,-218261,4233
1688984766414,-218261,4233
1688984766416,-218261,4233
1688984766420,-218261,4233
1688984766423,-218261,4233
1688984766426,-218261,4233
1688984766428,-218261,4233
1688984766431,-218261,4233
1688984766434,-218261,4233
1688984766437,-218261,4233
1688984766440,-218261,4233
1688984766444,-218261,4233
1688984766447,-218261,4233
1688984766450,-218261,4233
1688984766453,-218261,4233
1688984766456,-218261,4233
1688984766459,-218261,4233
1688984766461,-218261,4233
1688984766464,-218261,4233
1688984766467,-218261,4233
1688984766471,-218261,4233
1688984766474,-218261,4233
1688984766477,-218261,4233
1688984766481,-218261,4233
1688984766484,-218261,4233
1688984766487,-218261,4233
1688984766490,-218261,4233
1688984766493,-218261,4233
1688984766496,-218261,4233
1688984766498,-218261,4233
1688984766501,-218261,4233
1688984766505,-218261,4233
1688984766507,-218261,4233
1688984766511,-218261,4233
1688984766514,-218261,4233
1688984766518,-218261,4233
1688984766521,-142578,4233
1688984766524,-142578,4233
1688984766527,-142578,4233
1688984766531,-142578,4233
1688984766534,-142578,4233
1688984766537,-142578,4233
1688984766540,-142578,4233
1688984766542,-142578,4233
1688984766545,-142578,4233
1688984766548,-142578,4233
1688984766551,-142578,4233
1688984766553,-142578,4233
1688984766557,-142578,4233
1688984766562,-142578,4233
1688984766565,-142578,4233
1688984766568,-142578,4233
1688984766571,-142578,4233
1688984766574,-142578,4233
1688984766577,-142578,4233
1688984766580,-142578,4233
1688984766583,-142578,4233
1688984766586,-142578,4233
1688984766589,-142578,4233
1688984766592,-142578,4233
1688984766595,-142578,4233
1688984766599,-142578,4233
1688984766603,-142578,4233
1688984766605,-142578,4233
1688984766608,-142578,4233
1688984766611,-142578,4233
1688984766614,-142578,4233
1688984766617,-142578,4233
1688984766621,-142578,4233
1688984766624,-142578,4233
1688984766626,-142578,4233
1688984766630,-142578,4233
1688984766633,-142578,4233
1688984766637,-142578,4233
1688984766640,-142578,4233
1688984766645,-142578,4233
1688984766648,-142578,4233
1688984766652,-142578,4233
1688984766655,-142578,4233
1688984766660,-142578,4233
1688984766664,-142578,4233
1688984766670,-142578,4233
1688984766675,-142578,4233
1688984766679,-142578,4233
1688984766682,-142578,4233
1688984766683,-142578,4233
1688984766684,-142578,4233
1688984766686,-142578,4233
1688984766687,-142578,4233
1688984766688,-142578,4233
1688984766690,-142578,4233
1688984766691,-142578,4233
1688984766693,-142578,4233
1688984766694,-142578,4233
1688984766695,-142578,4233
1688984766696,-142578,4233
1688984766697,-142578,4233
1688984766698,-142578,4233
1688984766700,-142578,4233
1688984766702,-142578,4233
1688984766703,-142578,4233
1688984766705,-142578,4233
1688984766707,-142578,4233
1688984766708,-142578,4233
1688984766711,-142578,4233
1688984766712,-142578,4233
1688984766714,-142578,4233
1688984766716,-142578,4233
1688984766717,-142578,4233
1688984766718,-142578,4233
1688984766721,-142578,4233
1688984766723,-142578,4233
1688984766726,-142578,4233
1688984766728,-142578,4233
1688984766731,-142578,4233
1688984766733,-142578,4233
1688984766736,-142578,4233
1688984766738,-142578,4233
1688984766742,-142578,4233
1688984766745,-142578,4233
1688984766748,-142578,4233
1688984766752,-142578,4233
1688984766757,-142578,4233
1688984766761,-142578,4233
1688984766764,-142578,4233
1688984766767,-142578,4233
1688984766770,-142578,4233
1688984766773,-142578,4233
1688984766776,-142578,4233
1688984766779,-142578,4233
1688984766782,-142578,4233
1688984766785,-142578,4233
1688984766787,-142578,4233
1688984766790,-142578,4233
1688984766793,-142578,4233
1688984766795,-142578,4233
1688984766798,-142578,4233
1688984766802,-142578,4233
1688984766804,-142578,4233
1688984766806,-142578,4233
1688984766809,-142578,4233
1688984766811,-142578,4233
1688984766814,-142578,4233
1688984766817,-142578,4233
1688984766820,-142578,4233
1688984766822,-142578,4233
1688984766824,-142578,4233
1688984766826,-142578,4233
1688984766827,-142578,4233
1688984766829,-142578,4233
1688984766832,-142578,4233
1688984766834,-142578,4233
1688984766837,-142578,4233
1688984766840,-142578,4233
1688984766842,-142578,4233
1688984766843,-142578,4233
1688984766845,-142578,4233
1688984766846,-142578,4233
1688984766847,-142578,4233
1688984766849,-142578,4233
1688984766851,-142578,4233
1688984766852,-142578,4233
1688984766854,-142578,4233
1688984766855,-142578,4233
1688984766857,-142578,4233
1688984766858,-142578,4233
1688984766860,-142578,4233
1688984766862,-142578,4233
1688984766863,-142578,4233
1688984766865,-142578,4233
1688984766866,-142578,4233
1688984766867,-142578,4233
1688984766869,-142578,4233
1688984766870,-142578,4233
1688984766872,-142578,4233
1688984766874,-142578,4233
1688984766876,-142578,4233
1688984766877,-142578,4233
1688984766879,-142578,4233
1688984766881,-142578,4233
1688984766883,-142578,4233
1688984766885,-142578,4233
1688984766887,-142578,4233
1688984766889,-142578,4233
1688984766891,-142578,4233
1688984766892,-142578,4233
1688984766895,-142578,4233
1688984766897,-142578,4233
1688984766898,-142578,4233
1688984766900,-142578,4233
1688984766902,-142578,4233
1688984766904,-142578,4233
1688984766906,-142578,4233
1688984766907,-142578,4233
1688984766909,-142578,4233
1688984766911,-142578,4233
1688984766914,-142578,4233
1688984766915,-142578,4233
1688984766917,-142578,4233
1688984766919,-142578,4233
1688984766923,-142578,4233
1688984766925,-142578,4233
1688984766928,-142578,4233
1688984766930,-142578,4233
1688984766933,-142578,4233
1688984766935,-142578,4233
1688984766938,-142578,4233
1688984766941,-142578,4233
1688984766943,-142578,4233
1688984766946,-142578,4233
1688984766949,-142578,4233
1688984766952,-142578,4233
1688984766956,-142578,4233
1688984766959,-142578,4233
1688984766961,-142578,4233
1688984766964,-142578,4233
1688984766967,-142578,4233
1688984766970,-142578,4233
1688984766973,-142578,4233
1688984766976,-142578,4233
1688984766979,-142578,4233
1688984766982,-142578,4233
1688984766984,-142578,4233
1688984766987,-142578,4233
1688984766990,-142578,4233
1688984766994,-142578,4233
1688984766997,-142578,4233
1688984767001,-142578,4233
1688984767004,-142578,4233
1688984767006,-142578,4233
1688984767008,-142578,4233
1688984767011,-142578,4233
1688984767013,-142578,4233
1688984767015,-142578,4233
1688984767017,-142578,4233
1688984767019,-142578,4233
1688984767022,-142578,4233
1688984767024,-142578,4233
1688984767027,-142578,4233
1688984767030,-142578,4233
1688984767033,-142578,4233
1688984767036,-142578,4233
1688984767040,-142578,4233
1688984767043,-142578,4233
1688984767045,-142578,4233
1688984767048,-142578,4233
1688984767051,-142578,4233
1688984767054,-142578,4233
1688984767057,-142578,4233
1688984767060,-142578,4233
1688984767063,-142578,4233
1688984767065,-142578,4233
1688984767068,-142578,4233
1688984767071,-142578,4233
1688984767075,-142578,4233
1688984767078,-142578,4233
1688984767081,-142578,4233
1688984767084,-142578,4233
1688984767086,-142578,4233
1688984767088,-142578,4233
1688984767090,-142578,4233
1688984767092,-142578,4233
1688984767094,-142578,4233
1688984767097,-142578,4233
1688984767099,-142578,4233
1688984767102,-142578,4233
1688984767105,-142578,4233
1688984767107,-142578,4233
1688984767110,-142578,4233
1688984767113,-142578,4233
1688984767116,-142578,4233
1688984767118,-142578,4233
1688984767121,-142578,4233
1688984767123,-142578,4233
1688984767124,-142578,4233
1688984767126,-142578,4233
1688984767127,-142578,4233
1688984767130,-142578,4233
1688984767133,-142578,4233
1688984767135,-142578,4233
1688984767136,-142578,4233
1688984767138,-142578,4233
1688984767140,-142578,4233
1688984767143,-142578,4233
1688984767145,-142578,4233
1688984767147,-142578,4233
1688984767149,-142578,4233
1688984767152,-142578,4233
1688984767154,-142578,4233
1688984767156,-142578,4233
1688984767158,-142578,4233
1688984767161,-142578,4233
1688984767163,-142578,4233
1688984767165,-142578,4233
1688984767167,-142578,4233
1688984767170,-142578,4233
1688984767172,-142578,4233
1688984767174,-142578,4233
1688984767176,-142578,4233
1688984767178,-142578,4233
1688984767180,-142578,4233
1688984767182,-142578,4233
1688984767184,-142578,4233
1688984767186,-142578,4233
1688984767188,-142578,4233
1688984767191,-142578,4233
1688984767193,-142578,4233
1688984767196,-142578,4233
1688984767198,-142578,4233
1688984767200,-142578,4233
1688984767202,-142578,4233
1688984767205,-142578,4233
1688984767207,-142578,4233
1688984767210,-142578,4233
1688984767212,-142578,4233
1688984767214,-142578,4233
1688984767216,-142578,4233
1688984767218,-142578,4233
1688984767221,-142578,4233
1688984767223,-142578,4233
1688984767226,-142578,4233
1688984767228,-142578,4233
1688984767230,-142578,4233
1688984767232,-142578,4233
1688984767234,-142578,4233
1688984767237,-142578,4233
1688984767240,-142578,4233
1688984767242,-142578,4233
1688984767244,-142578,4233
1688984767246,-142578,4233
1688984767249,-142578,4233
1688984767251,-142578,4233
1688984767253,-142578,4233
1688984767256,-142578,4233
1688984767258,-142578,4233
1688984767260,-142578,4233
1688984767263,-142578,4233
1688984767265,-142578,4233
1688984767267,-142578,4233
1688984767269,-142578,4233
1688984767272,-142578,4233
1688984767275,-142578,4233
1688984767277,-142578,4233
1688984767279,-142578,4233
1688984767281,-142578,4233
1688984767283,-142578,4233
1688984767285,-142578,4233
1688984767287,-142578,4233
1688984767289,-142578,4233
1688984767292,-142578,4233
1688984767294,-142578,4233
1688984767296,-142578,4233
1688984767298,-142578,4233
1688984767300,-142578,4233
1688984767302,-142578,4233
1688984767304,-142578,4233
1688984767307,-142578,4233
1688984767310,-142578,4233
1688984767313,-142578,4233
1688984767315,-142578,4233
1688984767318,-142578,4233
1688984767321,-142578,4233
1688984767323,-142578,4233
1688984767325,-142578,4233
1688984767327,-142578,4233
1688984767330,-142578,4233
1688984767332,-142578,4233
1688984767334,-142578,4233
1688984767336,-142578,4233
1688984767341,-142578,4233
1688984767344,-142578,4233
1688984767346,-142578,4233
1688984767350,-142578,4233
1688984767353,-142578,4233
1688984767356,-142578,4233
1688984767360,-142578,4233
1688984767363,-142578,4233
1688984767366,-142578,4233
1688984767368,-142578,4233
1688984767371,-142578,4233
1688984767374,-142578,4233
1688984767377,-142578,4233
1688984767380,-142578,4233
1688984767383,-142578,4233
1688984767386,-142578,4233
1688984767390,-142578,4233
1688984767393,-142578,4233
1688984767396,-142578,4233
1688984767399,-142578,4233
1688984767402,-142578,4233
1688984767405,-142578,4233
1688984767407,-142578,4233
1688984767411,-142578,4233
1688984767414,-142578,4233
1688984767417,-142578,4233
1688984767420,-142578,4233
1688984767423,-142578,4233
1688984767425,-142578,4233
1688984767428,-142578,4233
1688984767432,-142578,4233
1688984767436,-142578,4233
1688984767438,-142578,4233
1688984767441,-142578,4233
1688984767444,-142578,4233
1688984767447,-142578,4233
1688984767450,-142578,4233
1688984767453,-142578,4233
1688984767455,-142578,4233
1688984767458,-142578,4233
1688984767460,-142578,4233
1688984767463,-142578,4233
1688984767466,-142578,4233
1688984767470,-142578,4233
1688984767473,-142578,4233
1688984767476,-142578,4233
1688984767480,-142578,4233
1688984767483,-142578,4233
1688984767486,-142578,4233
1688984767488,-142578,4233
1688984767491,-142578,4233
1688984767494,-142578,4233
1688984767496,-142578,4233
1688984767498,-142578,4233
1688984767501,-142578,4233
1688984767504,-142578,4233
1688984767507,-142578,4233
1688984767511,-142578,4233
1688984767514,-142578,4233
1688984767517,-142578,4233
1688984767521,-142578,4233
1688984767524,-142578,4233
1688984767527,-142578,4233
1688984767530,-142578,4233
1688984767533,-142578,4233
1688984767535,-142578,4233
1688984767537,-142578,4233
1688984767540,-142578,4233
1688984767543,-142578,4233
1688984767545,-142578,4233
1688984767549,-142578,4233
1688984767553,-142578,4233
1688984767556,-142578,4233
1688984767559,-142578,4233
1688984767562,-142578,4233
1688984767565,-142578,4233
1688984767567,-142578,4233
1688984767570,-142578,4233
1688984767573,-142578,4233
1688984767576,-142578,4233
1688984767578,-142578,4233
1688984767581,-142578,4233
1688984767584,-142578,4233
1688984767586,-142578,4233
1688984767589,-142578,4233
1688984767592,-142578,4233
1688984767595,-142578,4233
1688984767598,-142578,4233
1688984767601,-142578,4233
1688984767604,-142578,4233
1688984767606,-142578,4233
1688984767610,-142578,4233
1688984767613,-142578,4233
1688984767616,-142578,4233
1688984767620,-142578,4233
1688984767623,-142578,4233
1688984767625,-142578,4233
1688984767628,-142578,4233
1688984767632,-142578,4233
1688984767635,-142578,4233
1688984767638,-142578,4233
1688984767641,-142578,4233
1688984767644,-142578,4233
1688984767647,-142578,4233
1688984767650,-142578,4233
1688984767653,-142578,4233
1688984767655,-142578,4233
1688984767658,-142578,4233
1688984767661,-142578,4233
1688984767664,-142578,4233
1688984767671,-142578,4233
1688984767676,-142578,4233
1688984767679,-142578,4233
1688984767682,-142578,4233
1688984767685,-142578,4233
1688984767687,-142578,4233
1688984767691,-142578,4233
1688984767694,-142578,4233
1688984767696,-142578,4233
1688984767698,-142578,4233
1688984767702,-142578,4233
1688984767704,-142578,4233
1688984767707,-142578,4233
1688984767711,-142578,4233
1688984767715,-142578,4233
1688984767717,-142578,4233
1688984767720,-142578,4233
1688984767723,-142578,4233
1688984767726,-142578,4233
1688984767728,-142578,4233
1688984767731,-142578,4233
1688984767734,-142578,4233
1688984767737,-142578,4233
1688984767739,-142578,4233
1688984767742,-142578,4233
1688984767745,-142578,4233
1688984767748,-142578,4233
1688984767752,-142578,4233
1688984767755,-142578,4233
1688984767757,-142578,4233
1688984767760,-142578,4233
1688984767763,-142578,4233
1688984767765,-142578,4233
1688984767768,-142578,4233
1688984767771,-142578,4233
1688984767774,-142578,4233
1688984767777,-142578,4233
1688984767780,-142578,4233
1688984767783,-142578,4233
1688984767785,-142578,4233
1688984767788,-142578,4233
1688984767792,-142578,4233
1688984767795,-142578,4233
1688984767798,-142578,4233
1688984767802,-142578,4233
1688984767804,-142578,4233
1688984767807,-142578,4233
1688984767810,-142578,4233
1688984767813,-142578,4233
1688984767816,-142578,4233
1688984767818,-142578,4233
1688984767822,-142578,4233
1688984767825,-142578,4233
1688984767828,-142578,4233
1688984767832,-142578,4233
1688984767835,-142578,4233
1688984767838,-142578,4233
1688984767841,-142578,4233
1688984767844,-142578,4233
1688984767847,-142578,4233
1688984767851,-142578,4233
1688984767853,-142578,4233
1688984767856,-142578,4233
1688984767858,-142578,4233
1688984767861,-142578,4233
1688984767863,-142578,4233
1688984767865,-142578,4233
1688984767867,-142578,4233
1688984767870,-142578,4233
1688984767873,-142578,4233
1688984767876,-142578,4233
1688984767879,-142578,4233
1688984767882,-142578,4233
1688984767885,-142578,4233
1688984767888,-142578,4233
1688984767891,-142578,4233
1688984767894,-142578,4233
1688984767896,-142578,4233
1688984767899,-142578,4233
1688984767901,-142578,4233
1688984767904,-142578,4233
1688984767908,-142578,4233
1688984767911,-142578,4233
1688984767914,-142578,4233
1688984767917,-142578,4233
1688984767921,-142578,4233
1688984767924,-142578,4233
1688984767926,-142578,4233
1688984767930,-142578,4233
1688984767933,-142578,4233
1688984767935,-142578,4233
1688984767938,-142578,4233
1688984767943,-142578,4233
1688984767945,-142578,4233
1688984767950,-142578,4233
1688984767953,-142578,4233
1688984767955,-142578,4233
1688984767958,-142578,4233
1688984767961,-142578,4233
1688984767964,-142578,4233
1688984767967,-142578,4233
1688984767970,-142578,4233
1688984767973,-142578,4233
1688984767976,-142578,4233
1688984767978,-142578,4233
1688984767982,-142578,4233
1688984767985,-142578,4233
1688984767988,-135742,4233
1688984767992,-135742,4233
1688984767994,-135742,4233
1688984767997,-135742,4233
1688984768001,-135742,4233
1688984768003,-135742,4233
1688984768006,-135742,4233
1688984768009,-135742,4233
1688984768012,-135742,4233
1688984768015,-135742,4233
1688984768017,-135742,4233
1688984768021,-135742,4233
1688984768023,-135742,4233
1688984768026,-135742,4233
1688984768030,-135742,4233
1688984768033,-135742,4233
1688984768036,-135742,4233
1688984768038,-135742,4233
1688984768042,-135742,4233
1688984768044,-135742,4233
1688984768047,-135742,4233
1688984768050,-135742,4233
1688984768053,-135742,4233
1688984768056,-135742,4233
1688984768058,-135742,4233
1688984768061,-135742,4233
1688984768064,-135742,4233
1688984768067,-135742,4233
1688984768071,-135742,4233
1688984768074,-135742,4233
1688984768077,-135742,4233
1688984768080,-135742,4233
1688984768083,-135742,4233
1688984768086,-135742,4233
1688984768088,-135742,4233
1688984768092,-135742,4233
1688984768095,-135742,4233
1688984768097,-135742,4233
1688984768100,-135742,4233
1688984768103,-135742,4233
1688984768105,-135742,4233
1688984768108,-135742,4233
1688984768111,-135742,4233
1688984768114,-135742,4233
1688984768117,-135742,4233
1688984768120,-135742,4233
1688984768123,-135742,4233
1688984768126,-135742,4233
1688984768129,-135742,4233
1688984768132,-135742,4233
1688984768134,-135742,4233
1688984768137,-135742,4233
1688984768140,-135742,4233
1688984768143,-135742,4233
1688984768146,-135742,4233
1688984768150,-135742,4233
1688984768152,-135742,4233
1688984768155,-135742,4233
1688984768157,-135742,4233
1688984768160,-135742,4233
1688984768163,-135742,4233
1688984768165,-135742,4233
1688984768168,-135742,4233
1688984768171,-135742,4233
1688984768173,-135742,4233
1688984768176,-135742,4233
1688984768179,-135742,4233
1688984768181,-135742,4233
1688984768184,-135742,4233
1688984768187,-135742,4233
1688984768190,-135742,4233
1688984768193,-135742,4233
1688984768196,-135742,4233
1688984768198,-135742,4233
1688984768201,-135742,4233
1688984768204,-135742,4233
1688984768207,-135742,4233
1688984768210,-135742,4233
1688984768213,-135742,4233
1688984768215,-135742,4233
1688984768217,-135742,4233
1688984768220,-135742,4233
1688984768222,-135742,4233
1688984768226,-135742,4233
1688984768229,-135742,4233
1688984768232,-135742,4233
1688984768234,-135742,4233
1688984768236,-135742,4233
1688984768239,-135742,4233
1688984768241,-135742,4233
1688984768243,-135742,4233
1688984768245,-135742,4233
1688984768247,-135742,4233
1688984768250,-135742,4233
1688984768252,-135742,4233
1688984768254,-135742,4233
1688984768256,-135742,4233
1688984768258,-135742,4233
1688984768260,-135742,4233
1688984768262,-135742,4233
1688984768265,-135742,4233
1688984768267,-135742,4233
1688984768270,-135742,4233
1688984768272,-135742,4233
1688984768274,-135742,4233
1688984768276,-135742,4233
1688984768278,-135742,4233
1688984768281,-135742,4233
1688984768283,-135742,4233
1688984768285,-135742,4233
1688984768287,-135742,4233
1688984768289,-135742,4233
1688984768292,-135742,4233
1688984768294,-135742,4233
1688984768296,-135742,4233
1688984768298,-135742,4233
1688984768301,-135742,4233
1688984768303,-135742,4233
1688984768306,-135742,4233
1688984768308,-135742,4233
1688984768310,-135742,4233
1688984768312,-135742,4233
1688984768314,-135742,4233
1688984768317,-135742,4233
1688984768319,-135742,4233
1688984768322,-135742,4233
1688984768324,-135742,4233
1688984768326,-135742,4233
1688984768328,-135742,4233
1688984768330,-135742,4233
1688984768333,-135742,4233
1688984768335,-135742,4233
1688984768337,-135742,4233
1688984768339,-135742,4233
1688984768341,-135742,4233
1688984768344,-135742,4233
1688984768346,-135742,4233
1688984768348,-135742,4233
1688984768351,-135742,4233
1688984768353,-135742,4233
1688984768355,-135742,4233
1688984768357,-135742,4233
1688984768360,-135742,4233
1688984768362,-135742,4233
1688984768364,-135742,4233
1688984768366,-135742,4233
1688984768368,-135742,4233
1688984768371,-135742,4233
1688984768373,-135742,4233
1688984768375,-135742,4233
1688984768377,-135742,4233
1688984768379,-135742,4233
1688984768381,-135742,4233
1688984768383,-135742,4233
1688984768386,-135742,4233
1688984768388,-135742,4233
1688984768390,-135742,4233
1688984768392,-135742,4233
1688984768394,-135742,4233
1688984768396,-135742,4233
1688984768398,-135742,4233
1688984768400,-135742,4233
1688984768402,-135742,4233
1688984768404,-135742,4233
1688984768406,-135742,4233
1688984768408,-135742,4233
1688984768411,-135742,4233
1688984768413,-135742,4233
1688984768415,-135742,4233
1688984768417,-135742,4233
1688984768419,-135742,4233
1688984768422,-135742,4233
1688984768424,-135742,4233
1688984768426,-135742,4233
1688984768428,-135742,4233
1688984768431,-135742,4233
1688984768433,-135742,4233
1688984768435,-135742,4233
1688984768438,-135742,4233
1688984768440,-135742,4233
1688984768443,-135742,4233
1688984768445,-135742,4233
1688984768447,-135742,4233
1688984768449,-135742,4233
1688984768452,-135742,4233
1688984768454,-135742,4233
1688984768456,-135742,4233
1688984768458,-135742,4233
1688984768462,-135742,4233
1688984768465,-135742,4233
1688984768468,-135742,4233
1688984768471,-135742,4233
1688984768474,-135742,4233
1688984768477,-135742,4233
1688984768481,-135742,4233
1688984768484,-135742,4233
1688984768487,-135742,4233
1688984768489,-135742,4233
1688984768491,-135742,4233
1688984768495,-135742,4233
1688984768497,-135742,4233
1688984768500,-135742,4233
1688984768503,-135742,4233
1688984768506,-135742,4233
1688984768509,-135742,4233
1688984768512,-135742,4233
1688984768514,-135742,4233
1688984768517,-135742,4233
1688984768520,-135742,4233
1688984768522,-135742,4233
1688984768525,-135742,4233
1688984768527,-135742,4233
1688984768530,-135742,4233
1688984768533,-135742,4233
1688984768536,-135742,4233
1688984768541,-135742,4233
1688984768544,-135742,4233
1688984768547,-135742,4233
1688984768550,-135742,4233
1688984768554,-135742,4233
1688984768556,-135742,4233
1688984768560,-135742,4233
1688984768563,-135742,4233
1688984768565,-135742,4233
1688984768568,-135742,4233
1688984768572,-135742,4233
1688984768574,-135742,4233
1688984768577,-135742,4233
1688984768580,-135742,4233
1688984768583,-135742,4233
1688984768586,-135742,4233
1688984768590,-135742,4233
1688984768592,-135742,4233
1688984768595,-135742,4233
1688984768598,-135742,4233
1688984768601,-135742,4233
1688984768604,-135742,4233
1688984768606,-135742,4233
1688984768610,-135742,4233
1688984768613,-135742,4233
1688984768615,-135742,4233
1688984768618,-135742,4233
1688984768622,-135742,4233
1688984768625,-135742,4233
1688984768629,-135742,4233
1688984768632,-135742,4233
1688984768635,-135742,4233
1688984768638,-135742,4233
1688984768640,-135742,4233
1688984768643,-135742,4233
1688984768646,-135742,4233
1688984768649,-135742,4233
1688984768651,-135742,4233
1688984768654,-135742,4233
1688984768656,-135742,4233
1688984768660,-135742,4233
1688984768664,-135742,4233
1688984768668,-135742,4233
1688984768671,-135742,4233
1688984768678,-135742,4233
1688984768683,-135742,4233
1688984768685,-135742,4233
1688984768687,-135742,4233
1688984768689,-135742,4233
1688984768692,-135742,4233
1688984768694,-135742,4233
1688984768696,-135742,4233
1688984768698,-135742,4233
1688984768700,-135742,4233
1688984768702,-135742,4233
1688984768703,-135742,4233
1688984768705,-135742,4233
1688984768706,-135742,4233
1688984768708,-135742,4233
1688984768709,-135742,4233
1688984768711,-135742,4233
1688984768712,-135742,4233
1688984768714,-135742,4233
1688984768715,-135742,4233
1688984768717,-135742,4233
1688984768718,-135742,4233
1688984768720,-135742,4233
1688984768722,-135742,4233
1688984768723,-135742,4233
1688984768725,-135742,4233
1688984768726,-135742,4233
1688984768728,-135742,4233
1688984768730,-135742,4233
1688984768731,-135742,4233
1688984768733,-135742,4233
1688984768734,-135742,4233
1688984768736,-135742,4233
1688984768737,-135742,4233
1688984768739,-135742,4233
1688984768743,-135742,4233
1688984768747,-135742,4233
1688984768749,-135742,4233
1688984768753,-135742,4233
1688984768756,-135742,4233
1688984768760,-135742,4233
1688984768763,-135742,4233
1688984768766,-135742,4233
1688984768769,-135742,4233
1688984768771,-135742,4233
1688984768774,-135742,4233
1688984768776,-135742,4233
1688984768778,-135742,4233
1688984768780,-135742,4233
1688984768783,-135742,4233
1688984768786,-135742,4233
1688984768789,-135742,4233
1688984768792,-135742,4233
1688984768794,-135742,4233
1688984768797,-135742,4233
1688984768800,-135742,4233
1688984768803,-135742,4233
1688984768805,-135742,4233
1688984768807,-135742,4233
1688984768811,-135742,4233
1688984768814,-135742,4233
1688984768817,-135742,4233
1688984768821,-135742,4233
1688984768824,-135742,4233
1688984768827,-135742,4233
1688984768830,-135742,4233
1688984768832,-135742,4233
1688984768835,-135742,4233
1688984768837,-135742,4233
1688984768839,-135742,4233
1688984768842,-135742,4233
1688984768846,-135742,4233
1688984768849,-135742,4233
1688984768852,-135742,4233
1688984768854,-135742,4233
1688984768856,-135742,4233
1688984768859,-135742,4233
1688984768861,-135742,4233
1688984768864,-135742,4233
1688984768866,-135742,4233
1688984768868,-135742,4233
1688984768871,-135742,4233
1688984768873,-135742,4233
1688984768875,-135742,4233
1688984768877,-135742,4233
1688984768879,-135742,4233
1688984768882,-135742,4233
1688984768884,-135742,4233
1688984768886,-135742,4233
1688984768888,-135742,4233
1688984768890,-135742,4233
1688984768893,-135742,4233
1688984768895,-135742,4233
1688984768897,-135742,4233
1688984768900,-135742,4233
1688984768902,-135742,4233
1688984768905,-135742,4233
1688984768906,-135742,4233
1688984768909,-135742,4233
1688984768911,-135742,4233
1688984768913,-135742,4233
1688984768915,-135742,4233
1688984768917,-135742,4233
1688984768919,-135742,4233
1688984768921,-135742,4233
1688984768923,-135742,4233
1688984768925,-135742,4233
1688984768927,-135742,4233
1688984768930,-135742,4233
1688984768932,-135742,4233
1688984768934,-135742,4233
1688984768936,-135742,4233
1688984768938,-135742,4233
1688984768941,-135742,4233
1688984768944,-135742,4233
1688984768946,-135742,4233
1688984768948,-135742,4233
1688984768951,-135742,4233
1688984768953,-135742,4233
1688984768955,-135742,4233
1688984768957,-135742,4233
1688984768960,-135742,4233
1688984768962,-135742,4233
1688984768964,-135742,4233
1688984768966,-135742,4233
1688984768969,-135742,4233
1688984768971,-135742,4233
1688984768973,-135742,4233
1688984768975,-135742,4233
1688984768977,-135742,4233
1688984768980,-135742,4233
1688984768982,-135742,4233
1688984768985,-135742,4233
1688984768987,-135742,4233
1688984768989,-135742,4233
1688984768992,-135742,4233
1688984768994,-135742,4233
1688984768996,-135742,4233
1688984768998,-135742,4233
1688984769001,-135742,4233
1688984769003,-135742,4233
1688984769005,-135742,4233
1688984769007,-135742,4233
1688984769009,-135742,4233
1688984769012,-135742,4233
1688984769014,-135742,4233
1688984769016,-135742,4233
1688984769018,-135742,4233
1688984769022,-135742,4233
1688984769024,-135742,4233
1688984769026,-135742,4233
1688984769028,-135742,4233
1688984769031,-135742,4233
1688984769034,-135742,4233
1688984769036,-135742,4233
1688984769038,-135742,4233
1688984769040,-135742,4233
1688984769043,-135742,4233
1688984769045,-135742,4233
1688984769047,-135742,4233
1688984769050,-135742,4233
1688984769052,-135742,4233
1688984769055,-135742,4233
1688984769057,-135742,4233
1688984769059,-135742,4233
1688984769062,-135742,4233
1688984769065,-135742,4233
1688984769067,-135742,4233
1688984769070,-135742,4233
1688984769072,-135742,4233
1688984769074,-135742,4233
1688984769077,-135742,4233
1688984769081,-135742,4233
1688984769084,-135742,4233
1688984769086,-135742,4233
1688984769088,-135742,4233
1688984769091,-135742,4233
1688984769092,-135742,4233
1688984769094,-135742,4233
1688984769096,-135742,4233
1688984769098,-135742,4233
1688984769101,-135742,4233
1688984769103,-135742,4233
1688984769104,-135742,4233
1688984769105,-135742,4233
1688984769106,-135742,4233
1688984769108,-135742,4233
1688984769109,-135742,4233
1688984769111,-135742,4233
1688984769117,-135742,4233
1688984769121,-135742,4233
1688984769122,-135742,4233
1688984769124,-135742,4233
1688984769126,-135742,4233
1688984769128,-135742,4233
1688984769131,-135742,4233
1688984769134,-135742,4233
1688984769137,-135742,4233
1688984769140,-135742,4233
1688984769146,-135742,4233
1688984769149,-135742,4233
1688984769151,-135742,4233
1688984769153,-135742,4233
1688984769155,-135742,4233
1688984769156,-135742,4233
1688984769158,-135742,4233
1688984769162,-135742,4233
1688984769166,-135742,4233
1688984769170,-135742,4233
1688984769179,-135742,4233
1688984769182,-135742,4233
1688984769184,-135742,4233
1688984769185,-135742,4233
1688984769187,-135742,4233
1688984769188,-135742,4233
1688984769190,-135742,4233
1688984769192,-135742,4233
1688984769193,-135742,4233
1688984769195,-135742,4233
1688984769196,-135742,4233
1688984769198,-135742,4233
1688984769199,-135742,4233
1688984769201,-135742,4233
1688984769203,-135742,4233
1688984769205,-135742,4233
1688984769207,-135742,4233
1688984769208,-135742,4233
1688984769210,-135742,4233
1688984769212,-135742,4233
1688984769213,-135742,4233
1688984769215,-135742,4233
1688984769216,-135742,4233
1688984769218,-135742,4233
1688984769220,-135742,4233
1688984769224,-135742,4233
1688984769227,-135742,4233
1688984769232,-135742,4233
1688984769235,-135742,4233
1688984769238,-135742,4233
1688984769241,-135742,4233
1688984769244,-135742,4233
1688984769247,-135742,4233
1688984769250,-135742,4233
1688984769254,-135742,4233
1688984769257,-135742,4233
1688984769261,-135742,4233
1688984769265,-135742,4233
1688984769267,-135742,4233
1688984769270,-135742,4233
1688984769273,-135742,4233
1688984769276,-135742,4233
1688984769278,-135742,4233
1688984769282,-135742,4233
1688984769284,-135742,4233
1688984769287,-135742,4233
1688984769290,-135742,4233
1688984769292,-135742,4233
1688984769294,-135742,4233
1688984769296,-135742,4233
1688984769297,-135742,4233
1688984769301,-135742,4233
1688984769304,-135742,4233
1688984769307,-135742,4233
1688984769311,-135742,4233
1688984769314,-135742,4233
1688984769316,-135742,4233
1688984769319,-135742,4233
1688984769323,-135742,4233
1688984769326,-135742,4233
1688984769329,-135742,4233
1688984769332,-135742,4233
1688984769334,-135742,4233
1688984769336,-135742,4233
1688984769340,-135742,4233
1688984769342,-135742,4233
1688984769344,-135742,4233
1688984769346,-135742,4233
1688984769348,-135742,4233
1688984769350,-135742,4233
1688984769352,-135742,4233
1688984769354,-135742,4233
1688984769356,-135742,4233
1688984769359,-135742,4233
1688984769361,-135742,4233
1688984769363,-135742,4233
1688984769365,-135742,4233
1688984769367,-135742,4233
1688984769370,-135742,4233
1688984769372,-135742,4233
1688984769374,-135742,4233
1688984769376,-135742,4233
1688984769379,-135742,4233
1688984769381,-135742,4233
1688984769383,-135742,4233
1688984769385,-135742,4233
1688984769387,-135742,4233
1688984769390,-135742,4233
1688984769392,-135742,4233
1688984769394,-135742,4233
1688984769396,-135742,4233
1688984769398,-135742,4233
1688984769401,-135742,4233
1688984769403,-135742,4233
1688984769405,-135742,4233
1688984769407,-135742,4233
1688984769410,-135742,4233
1688984769412,-135742,4233
1688984769414,-135742,4233
1688984769417,-135742,4233
1688984769420,-135742,4233
1688984769422,-135742,4233
1688984769424,-135742,4233
1688984769426,-135742,4233
1688984769429,-135742,4233
1688984769431,-135742,4233
1688984769433,-135742,4233
1688984769435,-135742,4233
1688984769437,-135742,4233
1688984769440,-135742,4233
1688984769442,-135742,4233
1688984769444,-135742,4233
1688984769446,-135742,4233
1688984769448,-135742,4233
1688984769451,-135742,4233
1688984769453,-135742,4233
1688984769455,-135742,4233
1688984769458,-195800,4233
1688984769461,-195800,4233
1688984769463,-195800,4233
1688984769465,-195800,4233
1688984769467,-195800,4233
1688984769469,-195800,4233
1688984769471,-195800,4233
1688984769473,-195800,4233
1688984769475,-195800,4233
1688984769478,-195800,4233
1688984769480,-195800,4233
1688984769482,-195800,4233
1688984769484,-195800,4233
1688984769487,-195800,4233
1688984769489,-195800,4233
1688984769491,-195800,4233
1688984769493,-195800,4233
1688984769495,-195800,4233
1688984769497,-195800,4233
1688984769499,-195800,4233
1688984769501,-195800,4233
1688984769503,-195800,4233
1688984769505,-195800,4233
1688984769507,-195800,4233
1688984769509,-195800,4233
1688984769512,-195800,4233
1688984769513,-195800,4233
1688984769515,-195800,4233
1688984769516,-195800,4233
1688984769518,-195800,4233
1688984769521,-195800,4233
1688984769523,-195800,4233
1688984769525,-195800,4233
1688984769527,-195800,4233
1688984769529,-195800,4233
1688984769531,-195800,4233
1688984769533,-195800,4233
1688984769535,-195800,4233
1688984769537,-195800,4233
1688984769540,-195800,4233
1688984769543,-195800,4233
1688984769545,-195800,4233
1688984769547,-195800,4233
1688984769550,-195800,4233
1688984769552,-195800,4233
1688984769554,-195800,4233
1688984769556,-195800,4233
1688984769558,-195800,4233
1688984769561,-195800,4233
1688984769563,-195800,4233
1688984769565,-195800,4233
1688984769568,-195800,4233
1688984769570,-195800,4233
1688984769573,-195800,4233
1688984769575,-195800,4233
1688984769577,-195800,4233
1688984769580,-195800,4233
1688984769582,-195800,4233
1688984769584,-195800,4233
1688984769586,-195800,4233
1688984769588,-195800,4233
1688984769592,-195800,4233
1688984769595,-195800,4233
1688984769597,-195800,4233
1688984769600,-195800,4233
1688984769602,-195800,4233
1688984769604,-195800,4233
1688984769606,-195800,4233
1688984769610,-195800,4233
1688984769612,-195800,4233
1688984769614,-195800,4233
1688984769616,-195800,4233
1688984769619,-195800,4233
1688984769622,-195800,4233
1688984769623,-195800,4233
1688984769625,-195800,4233
1688984769626,-195800,4233
1688984769628,-195800,4233
1688984769629,-195800,4233
1688984769631,-195800,4233
1688984769632,-195800,4233
1688984769634,-195800,4233
1688984769635,-195800,4233
1688984769637,-195800,4233
1688984769638,-195800,4233
1688984769640,-195800,4233
1688984769642,-195800,4233
1688984769644,-195800,4233
1688984769645,-195800,4233
1688984769646,-195800,4233
1688984769647,-195800,4233
1688984769648,-195800,4233
1688984769650,-195800,4233
1688984769651,-195800,4233
1688984769652,-195800,4233
1688984769654,-195800,4233
1688984769656,-195800,4233
1688984769657,-195800,4233
1688984769660,-195800,4233
1688984769664,-195800,4233
1688984769668,-195800,4233
1688984769672,-195800,4233
1688984769675,-195800,4233
1688984769682,-195800,4233
1688984769687,-195800,4233
1688984769691,-195800,4233
1688984769694,-195800,4233
1688984769698,-195800,4233
1688984769703,-195800,4233
1688984769706,-195800,4233
1688984769708,-195800,4233
1688984769712,-195800,4233
1688984769715,-195800,4233
1688984769718,-195800,4233
1688984769721,-195800,4233
1688984769724,-195800,4233
1688984769726,-195800,4233
1688984769728,-195800,4233
1688984769732,-195800,4233
1688984769734,-195800,4233
1688984769737,-195800,4233
1688984769740,-195800,4233
1688984769743,-195800,4233
1688984769745,-195800,4233
1688984769747,-195800,4233
1688984769748,-195800,4233
1688984769752,-195800,4233
1688984769754,-195800,4233
1688984769756,-195800,4233
1688984769757,-195800,4233
1688984769760,-195800,4233
1688984769761,-195800,4233
1688984769763,-195800,4233
1688984769764,-195800,4233
1688984769766,-195800,4233
1688984769767,-195800,4233
1688984769768,-195800,4233
1688984769770,-195800,4233
1688984769772,-195800,4233
1688984769773,-195800,4233
1688984769775,-195800,4233
1688984769777,-195800,4233
1688984769779,-195800,4233
1688984769781,-195800,4233
1688984769783,-195800,4233
1688984769784,-195800,4233
1688984769786,-195800,4233
1688984769788,-195800,4233
1688984769790,-195800,4233
1688984769791,-195800,4233
1688984769793,-195800,4233
1688984769794,-195800,4233
1688984769795,-195800,4233
1688984769797,-195800,4233
1688984769798,-195800,4233
1688984769801,-195800,4233
1688984769804,-195800,4233
1688984769807,-195800,4233
1688984769810,-195800,4233
1688984769813,-195800,4233
1688984769817,-195800,4233
1688984769822,-195800,4233
1688984769825,-195800,4233
1688984769827,-195800,4233
1688984769830,-195800,4233
1688984769833,-195800,4233
1688984769836,-195800,4233
1688984769839,-195800,4233
1688984769842,-195800,4233
1688984769844,-195800,4233
1688984769847,-195800,4233
1688984769850,-195800,4233
1688984769853,-195800,4233
1688984769856,-195800,4233
1688984769860,-195800,4233
1688984769863,-195800,4233
1688984769866,-195800,4233
1688984769869,-195800,4233
1688984769872,-195800,4233
1688984769875,-195800,4233
1688984769878,-195800,4233
1688984769881,-195800,4233
1688984769884,-195800,4233
1688984769887,-195800,4233
1688984769891,-195800,4233
1688984769894,-195800,4233
1688984769897,-195800,4233
1688984769900,-195800,4233
1688984769903,-195800,4233
1688984769906,-195800,4233
1688984769908,-195800,4233
1688984769912,-195800,4233
1688984769915,-195800,4233
1688984769918,-195800,4233
1688984769922,-195800,4233
1688984769925,-195800,4233
1688984769928,-195800,4233
1688984769931,-195800,4233
1688984769933,-195800,4233
1688984769936,-195800,4233
1688984769940,-195800,4233
1688984769943,-195800,4233
1688984769946,-195800,4233
1688984769949,-195800,4233
1688984769952,-195800,4233
1688984769954,-195800,4233
1688984769957,-195800,4233
1688984769960,-195800,4233
1688984769962,-195800,4233
1688984769965,-195800,4233
1688984769967,-195800,4233
1688984769970,-195800,4233
1688984769972,-195800,4233
1688984769975,-195800,4233
1688984769978,-195800,4233
1688984769982,-195800,4233
1688984769986,-195800,4233
1688984769988,-195800,4233
1688984769991,-195800,4233
1688984769994,-195800,4233
1688984769996,-195800,4233
1688984770000,-195800,4233
1688984770003,-195800,4233
1688984770005,-195800,4233
1688984770008,-195800,4233
1688984770011,-195800,4233
1688984770014,-195800,4233
1688984770017,-195800,4233
1688984770022,-195800,4233
1688984770025,-195800,4233
1688984770028,-195800,4233
1688984770031,-195800,4233
1688984770034,-195800,4233
1688984770037,-195800,4233
1688984770041,-195800,4233
1688984770043,-195800,4233
1688984770046,-195800,4233
1688984770048,-195800,4233
1688984770052,-195800,4233
1688984770056,-195800,4233
1688984770060,-195800,4233
1688984770063,-195800,4233
1688984770066,-195800,4233
1688984770068,-195800,4233
1688984770071,-195800,4233
1688984770074,-195800,4233
1688984770078,-195800,4233
1688984770083,-195800,4233
1688984770085,-195800,4233
1688984770088,-195800,4233
1688984770091,-195800,4233
1688984770094,-195800,4233
1688984770098,-195800,4233
1688984770102,-195800,4233
1688984770119,-195800,4233
1688984770123,-195800,4233
1688984770125,-195800,4233
1688984770128,-195800,4233
1688984770129,-195800,4233
1688984770131,-195800,4233
1688984770134,-195800,4233
1688984770136,-195800,4233
1688984770139,-195800,4233
1688984770141,-195800,4233
1688984770144,-195800,4233
1688984770145,-195800,4233
1688984770147,-195800,4233
1688984770148,-195800,4233
1688984770149,-195800,4233
1688984770150,-195800,4233
1688984770151,-195800,4233
1688984770152,-195800,4233
1688984770153,-195800,4233
1688984770155,-195800,4233
1688984770156,-195800,4233
1688984770157,-195800,4233
1688984770158,-195800,4233
1688984770160,-195800,4233
1688984770162,-195800,4233
1688984770163,-195800,4233
1688984770164,-195800,4233
1688984770166,-195800,4233
1688984770167,-195800,4233
1688984770168,-195800,4233
1688984770169,-195800,4233
1688984770171,-195800,4233
1688984770172,-195800,4233
1688984770173,-195800,4233
1688984770175,-195800,4233
1688984770176,-195800,4233
1688984770177,-195800,4233
1688984770178,-195800,4233
1688984770181,-195800,4233
1688984770183,-195800,4233
1688984770185,-195800,4233
1688984770187,-195800,4233
1688984770190,-195800,4233
1688984770192,-195800,4233
1688984770193,-195800,4233
1688984770195,-195800,4233
1688984770196,-195800,4233
1688984770198,-195800,4233
1688984770200,-195800,4233
1688984770202,-195800,4233
1688984770204,-195800,4233
1688984770206,-195800,4233
1688984770208,-195800,4233
1688984770209,-195800,4233
1688984770212,-195800,4233
1688984770214,-195800,4233
1688984770217,-195800,4233
1688984770218,-195800,4233
1688984770223,-195800,4233
1688984770226,-195800,4233
1688984770229,-195800,4233
1688984770233,-195800,4233
1688984770236,-195800,4233
1688984770240,-195800,4233
1688984770243,-195800,4233
1688984770246,-195800,4233
1688984770248,-195800,4233
1688984770251,-195800,4233
1688984770254,-195800,4233
1688984770257,-195800,4233
1688984770260,-195800,4233
1688984770263,-195800,4233
1688984770265,-195800,4233
1688984770268,-195800,4233
1688984770271,-195800,4233
1688984770274,-195800,4233
1688984770277,-195800,4233
1688984770280,-195800,4233
1688984770283,-195800,4233
1688984770286,-195800,4233
1688984770288,-195800,4233
1688984770291,-195800,4233
1688984770295,-195800,4233
1688984770298,-195800,4233
1688984770302,-195800,4233
1688984770305,-195800,4233
1688984770308,-195800,4233
1688984770312,-195800,4233
1688984770316,-195800,4233
1688984770318,-195800,4233
1688984770321,-195800,4233
1688984770324,-195800,4233
1688984770327,-195800,4233
1688984770329,-195800,4233
1688984770333,-195800,4233
1688984770337,-195800,4233
1688984770341,-195800,4233
1688984770346,-195800,4233
1688984770350,-195800,4233
1688984770353,-195800,4233
1688984770356,-195800,4233
1688984770358,-195800,4233
1688984770361,-195800,4233
1688984770364,-195800,4233
1688984770367,-195800,4233
1688984770370,-195800,4233
1688984770372,-195800,4233
1688984770375,-195800,4233
1688984770378,-195800,4233
1688984770381,-195800,4233
1688984770388,-195800,4233
1688984770393,-195800,4233
1688984770396,-195800,4233
1688984770399,-195800,4233
1688984770402,-195800,4233
1688984770405,-195800,4233
1688984770408,-195800,4233
1688984770411,-195800,4233
1688984770415,-195800,4233
1688984770418,-195800,4233
1688984770421,-195800,4233
1688984770424,-195800,4233
1688984770426,-195800,4233
1688984770430,-195800,4233
1688984770432,-195800,4233
1688984770435,-195800,4233
1688984770438,-195800,4233
1688984770442,-195800,4233
1688984770444,-195800,4233
1688984770447,-195800,4233
1688984770450,-195800,4233
1688984770453,-195800,4233
1688984770456,-195800,4233
1688984770460,-195800,4233
1688984770463,-195800,4233
1688984770465,-195800,4233
1688984770467,-195800,4233
1688984770470,-195800,4233
1688984770472,-195800,4233
1688984770474,-195800,4233
1688984770476,-195800,4233
1688984770478,-195800,4233
1688984770482,-195800,4233
1688984770484,-195800,4233
1688984770486,-195800,4233
1688984770488,-195800,4233
1688984770490,-195800,4233
1688984770493,-195800,4233
1688984770495,-195800,4233
1688984770497,-195800,4233
1688984770499,-195800,4233
1688984770502,-195800,4233
1688984770504,-195800,4233
1688984770506,-195800,4233
1688984770508,-195800,4233
1688984770510,-195800,4233
1688984770513,-195800,4233
1688984770515,-195800,4233
1688984770517,-195800,4233
1688984770519,-195800,4233
1688984770521,-195800,4233
1688984770524,-195800,4233
1688984770526,-195800,4233
1688984770528,-195800,4233
1688984770531,-195800,4233
1688984770533,-195800,4233
1688984770535,-195800,4233
1688984770537,-195800,4233
1688984770540,-195800,4233
1688984770542,-195800,4233
1688984770544,-195800,4233
1688984770546,-195800,4233
1688984770548,-195800,4233
1688984770551,-195800,4233
1688984770553,-195800,4233
1688984770555,-195800,4233
1688984770557,-195800,4233
1688984770560,-195800,4233
1688984770562,-195800,4233
1688984770564,-195800,4233
1688984770566,-195800,4233
1688984770569,-195800,4233
1688984770572,-195800,4233
1688984770574,-195800,4233
1688984770576,-195800,4233
1688984770579,-195800,4233
1688984770581,-195800,4233
1688984770583,-195800,4233
1688984770585,-195800,4233
1688984770587,-195800,4233
1688984770589,-195800,4233
1688984770592,-195800,4233
1688984770594,-195800,4233
1688984770596,-195800,4233
1688984770598,-195800,4233
1688984770601,-195800,4233
1688984770603,-195800,4233
1688984770605,-195800,4233
1688984770607,-195800,4233
1688984770610,-195800,4233
1688984770612,-195800,4233
1688984770615,-195800,4233
1688984770617,-195800,4233
1688984770620,-195800,4233
1688984770623,-195800,4233
1688984770625,-195800,4233
1688984770627,-195800,4233
1688984770629,-195800,4233
1688984770632,-195800,4233
1688984770634,-195800,4233
1688984770636,-195800,4233
1688984770638,-195800,4233
1688984770640,-195800,4233
1688984770642,-195800,4233
1688984770644,-195800,4233
1688984770647,-195800,4233
1688984770650,-195800,4233
1688984770653,-195800,4233
1688984770655,-195800,4233
1688984770657,-195800,4233
1688984770659,-195800,4233
1688984770662,-195800,4233
1688984770664,-195800,4233
1688984770666,-195800,4233
1688984770668,-195800,4233
1688984770670,-195800,4233
1688984770672,-195800,4233
1688984770674,-195800,4233
1688984770676,-195800,4233
1688984770678,-195800,4233
1688984770680,-195800,4233
1688984770681,-195800,4233
1688984770688,-195800,4233
1688984770692,-195800,4233
1688984770695,-195800,4233
1688984770698,-195800,4233
1688984770700,-195800,4233
1688984770703,-195800,4233
1688984770705,-195800,4233
1688984770710,-195800,4233
1688984770713,-195800,4233
1688984770715,-195800,4233
1688984770717,-195800,4233
1688984770718,-195800,4233
1688984770721,-195800,4233
1688984770723,-195800,4233
1688984770725,-195800,4233
1688984770727,-195800,4233
1688984770730,-195800,4233
1688984770736,-195800,4233
1688984770742,-195800,4233
1688984770746,-195800,4233
1688984770750,-195800,4233
1688984770753,-195800,4233
1688984770755,-195800,4233
1688984770758,-195800,4233
1688984770761,-195800,4233
1688984770764,-195800,4233
1688984770766,-195800,4233
1688984770770,-195800,4233
1688984770773,-195800,4233
1688984770776,-195800,4233
1688984770778,-195800,4233
1688984770781,-195800,4233
1688984770783,-195800,4233
1688984770785,-195800,4233
1688984770787,-195800,4233
1688984770789,-195800,4233
1688984770791,-195800,4233
1688984770794,-195800,4233
1688984770795,-195800,4233
1688984770797,-195800,4233
1688984770800,-195800,4233
1688984770801,-195800,4233
1688984770803,-195800,4233
1688984770804,-195800,4233
1688984770806,-195800,4233
1688984770807,-195800,4233
1688984770809,-195800,4233
1688984770811,-195800,4233
1688984770812,-195800,4233
1688984770814,-195800,4233
1688984770815,-195800,4233
1688984770817,-195800,4233
1688984770818,-195800,4233
1688984770820,-195800,4233
1688984770822,-195800,4233
1688984770823,-195800,4233
1688984770825,-195800,4233
1688984770826,-195800,4233
1688984770828,-195800,4233
1688984770830,-195800,4233
1688984770831,-195800,4233
1688984770833,-195800,4233
1688984770834,-195800,4233
1688984770836,-195800,4233
1688984770838,-195800,4233
1688984770840,-195800,4233
1688984770844,-195800,4233
1688984770847,-195800,4233
1688984770851,-195800,4233
1688984770855,-195800,4233
1688984770859,-195800,4233
1688984770862,-195800,4233
1688984770865,-195800,4233
1688984770868,-195800,4233
1688984770872,-195800,4233
1688984770875,-195800,4233
1688984770878,-195800,4233
1688984770881,-195800,4233
1688984770884,-195800,4233
1688984770887,-195800,4233
1688984770891,-195800,4233
1688984770894,-195800,4233
1688984770897,-195800,4233
1688984770900,-195800,4233
1688984770903,-195800,4233
1688984770906,-195800,4233
1688984770909,-195800,4233
1688984770911,-195800,4233
1688984770914,-195800,4233
1688984770917,-195800,4233
1688984770919,-195800,4233
1688984770922,-195800,4233
1688984770925,-195800,4233
1688984770928,-149902,4233
1688984770931,-149902,4233
1688984770935,-149902,4233
1688984770938,-149902,4233
1688984770942,-149902,4233
1688984770945,-149902,4233
1688984770948,-149902,4233
1688984770951,-149902,4233
1688984770954,-149902,4233
1688984770956,-149902,4233
1688984770959,-149902,4233
1688984770962,-149902,4233
1688984770965,-149902,4233
1688984770967,-149902,4233
1688984770970,-149902,4233
1688984770974,-149902,4233
1688984770977,-149902,4233
1688984770980,-149902,4233
1688984770983,-149902,4233
1688984770986,-149902,4233
1688984770989,-149902,4233
1688984770992,-149902,4233
1688984770994,-149902,4233
1688984770997,-149902,4233
1688984771000,-149902,4233
1688984771003,-149902,4233
1688984771006,-149902,4233
1688984771009,-149902,4233
1688984771013,-149902,4233
1688984771016,-149902,4233
1688984771018,-149902,4233
1688984771024,-149902,4233
1688984771028,-149902,4233
1688984771031,-149902,4233
1688984771035,-149902,4233
1688984771038,-149902,4233
1688984771040,-149902,4233
1688984771043,-149902,4233
1688984771046,-149902,4233
1688984771049,-149902,4233
1688984771053,-149902,4233
1688984771056,-149902,4233
1688984771060,-149902,4233
1688984771064,-149902,4233
1688984771067,-149902,4233
1688984771069,-149902,4233
1688984771072,-149902,4233
1688984771075,-149902,4233
1688984771077,-149902,4233
1688984771079,-149902,4233
1688984771082,-149902,4233
1688984771085,-149902,4233
1688984771088,-149902,4233
1688984771092,-149902,4233
1688984771095,-149902,4233
1688984771098,-149902,4233
1688984771100,-149902,4233
1688984771103,-149902,4233
1688984771106,-149902,4233
1688984771109,-149902,4233
1688984771112,-149902,4233
1688984771115,-149902,4233
1688984771117,-149902,4233
1688984771120,-149902,4233
1688984771123,-149902,4233
1688984771126,-149902,4233
1688984771129,-149902,4233
1688984771133,-149902,4233
1688984771136,-149902,4233
1688984771138,-149902,4233
1688984771142,-149902,4233
1688984771145,-149902,4233
1688984771147,-149902,4233
1688984771150,-149902,4233
1688984771153,-149902,4233
1688984771156,-149902,4233
1688984771158,-149902,4233
1688984771162,-149902,4233
1688984771165,-149902,4233
1688984771167,-149902,4233
1688984771171,-149902,4233
1688984771174,-149902,4233
1688984771177,-149902,4233
1688984771180,-149902,4233
1688984771183,-149902,4233
1688984771186,-149902,4233
1688984771188,-149902,4233
1688984771191,-149902,4233
1688984771193,-149902,4233
1688984771196,-149902,4233
1688984771198,-149902,4233
1688984771202,-149902,4233
1688984771204,-149902,4233
1688984771207,-149902,4233
1688984771210,-149902,4233
1688984771213,-149902,4233
1688984771216,-149902,4233
1688984771220,-149902,4233
1688984771223,-149902,4233
1688984771226,-149902,4233
1688984771229,-149902,4233
1688984771231,-149902,4233
1688984771234,-149902,4233
1688984771237,-149902,4233
1688984771240,-149902,4233
1688984771243,-149902,4233
1688984771246,-149902,4233
1688984771248,-149902,4233
1688984771252,-149902,4233
1688984771255,-149902,4233
1688984771257,-149902,4233
1688984771260,-149902,4233
1688984771263,-149902,4233
1688984771266,-149902,4233
1688984771268,-149902,4233
1688984771272,-149902,4233
1688984771275,-149902,4233
1688984771278,-149902,4233
1688984771281,-149902,4233
1688984771284,-149902,4233
1688984771287,-149902,4233
1688984771290,-149902,4233
1688984771293,-149902,4233
1688984771296,-149902,4233
1688984771298,-149902,4233
1688984771302,-149902,4233
1688984771304,-149902,4233
1688984771307,-149902,4233
1688984771310,-149902,4233
1688984771312,-149902,4233
1688984771315,-149902,4233
1688984771318,-149902,4233
1688984771321,-149902,4233
1688984771324,-149902,4233
1688984771327,-149902,4233
1688984771331,-149902,4233
1688984771334,-149902,4233
1688984771336,-149902,4233
1688984771339,-149902,4233
1688984771342,-149902,4233
1688984771345,-149902,4233
1688984771347,-149902,4233
1688984771351,-149902,4233
1688984771354,-149902,4233
1688984771357,-149902,4233
1688984771360,-149902,4233
1688984771363,-149902,4233
1688984771366,-149902,4233
1688984771369,-149902,4233
1688984771372,-149902,4233
1688984771375,-149902,4233
1688984771378,-149902,4233
1688984771381,-149902,4233
1688984771384,-149902,4233
1688984771387,-149902,4233
1688984771390,-149902,4233
1688984771393,-149902,4233
1688984771396,-149902,4233
1688984771398,-149902,4233
1688984771401,-149902,4233
1688984771404,-149902,4233
1688984771407,-149902,4233
1688984771410,-149902,4233
1688984771414,-149902,4233
1688984771417,-149902,4233
1688984771420,-149902,4233
1688984771423,-149902,4233
1688984771426,-149902,4233
1688984771428,-149902,4233
1688984771431,-149902,4233
1688984771433,-149902,4233
1688984771436,-149902,4233
1688984771438,-149902,4233
1688984771442,-149902,4233
1688984771445,-149902,4233
1688984771449,-149902,4233
1688984771452,-149902,4233
1688984771455,-149902,4233
1688984771458,-149902,4233
1688984771461,-149902,4233
1688984771464,-149902,4233
1688984771466,-149902,4233
1688984771469,-149902,4233
1688984771472,-149902,4233
1688984771475,-149902,4233
1688984771477,-149902,4233
1688984771481,-149902,4233
1688984771484,-149902,4233
1688984771487,-149902,4233
1688984771490,-149902,4233
1688984771494,-149902,4233
1688984771496,-149902,4233
1688984771499,-149902,4233
1688984771502,-149902,4233
1688984771504,-149902,4233
1688984771507,-149902,4233
1688984771509,-149902,4233
1688984771512,-149902,4233
1688984771515,-149902,4233
1688984771518,-149902,4233
1688984771521,-149902,4233
1688984771523,-149902,4233
1688984771527,-149902,4233
1688984771531,-149902,4233
1688984771534,-149902,4233
1688984771536,-149902,4233
1688984771538,-149902,4233
1688984771542,-149902,4233
1688984771545,-149902,4233
1688984771548,-149902,4233
1688984771551,-149902,4233
1688984771554,-149902,4233
1688984771556,-149902,4233
1688984771560,-149902,4233
1688984771562,-149902,4233
1688984771565,-149902,4233
1688984771569,-149902,4233
1688984771572,-149902,4233
1688984771575,-149902,4233
1688984771578,-149902,4233
1688984771580,-149902,4233
1688984771584,-149902,4233
1688984771586,-149902,4233
1688984771589,-149902,4233
1688984771592,-149902,4233
1688984771595,-149902,4233
1688984771597,-149902,4233
1688984771602,-149902,4233
1688984771605,-149902,4233
1688984771608,-149902,4233
1688984771611,-149902,4233
1688984771614,-149902,4233
1688984771617,-149902,4233
1688984771620,-149902,4233
1688984771623,-149902,4233
1688984771626,-149902,4233
1688984771628,-149902,4233
1688984771631,-149902,4233
1688984771634,-149902,4233
1688984771636,-149902,4233
1688984771638,-149902,4233
1688984771642,-149902,4233
1688984771645,-149902,4233
1688984771648,-149902,4233
1688984771652,-149902,4233
1688984771656,-149902,4233
1688984771662,-149902,4233
1688984771665,-149902,4233
1688984771668,-149902,4233
1688984771671,-149902,4233
1688984771673,-149902,4233
1688984771675,-149902,4233
1688984771677,-149902,4233
1688984771681,-149902,4233
1688984771683,-149902,4233
1688984771685,-149902,4233
1688984771686,-149902,4233
1688984771687,-149902,4233
1688984771689,-149902,4233
1688984771691,-149902,4233
1688984771693,-149902,4233
1688984771694,-149902,4233
1688984771695,-149902,4233
1688984771697,-149902,4233
1688984771698,-149902,4233
1688984771700,-149902,4233
1688984771702,-149902,4233
1688984771704,-149902,4233
1688984771705,-149902,4233
1688984771707,-149902,4233
1688984771709,-149902,4233
1688984771711,-149902,4233
1688984771713,-149902,4233
1688984771715,-149902,4233
1688984771716,-149902,4233
1688984771717,-149902,4233
1688984771720,-149902,4233
1688984771722,-149902,4233
1688984771725,-149902,4233
1688984771727,-149902,4233
1688984771730,-149902,4233
1688984771732,-149902,4233
1688984771734,-149902,4233
1688984771736,-149902,4233
1688984771738,-149902,4233
1688984771741,-149902,4233
1688984771746,-149902,4233
1688984771750,-149902,4233
1688984771752,-149902,4233
1688984771755,-149902,4233
1688984771757,-149902,4233
1688984771760,-149902,4233
1688984771763,-149902,4233
1688984771765,-149902,4233
1688984771768,-149902,4233
1688984771771,-149902,4233
1688984771773,-149902,4233
1688984771775,-149902,4233
1688984771777,-149902,4233
1688984771780,-149902,4233
1688984771782,-149902,4233
1688984771784,-149902,4233
1688984771786,-149902,4233
1688984771789,-149902,4233
1688984771791,-149902,4233
1688984771793,-149902,4233
1688984771796,-149902,4233
1688984771798,-149902,4233
1688984771800,-149902,4233
1688984771802,-149902,4233
1688984771805,-149902,4233
1688984771807,-149902,4233
1688984771810,-149902,4233
1688984771812,-149902,4233
1688984771814,-149902,4233
1688984771816,-149902,4233
1688984771819,-149902,4233
1688984771821,-149902,4233
1688984771823,-149902,4233
1688984771825,-149902,4233
1688984771827,-149902,4233
1688984771830,-149902,4233
1688984771832,-149902,4233
1688984771834,-149902,4233
1688984771836,-149902,4233
1688984771838,-149902,4233
1688984771840,-149902,4233
1688984771843,-149902,4233
1688984771845,-149902,4233
1688984771847,-149902,4233
1688984771850,-149902,4233
1688984771852,-149902,4233
1688984771854,-149902,4233
1688984771855,-149902,4233
1688984771857,-149902,4233
1688984771858,-149902,4233
1688984771860,-149902,4233
1688984771862,-149902,4233
1688984771864,-149902,4233
1688984771867,-149902,4233
1688984771869,-149902,4233
1688984771871,-149902,4233
1688984771873,-149902,4233
1688984771875,-149902,4233
1688984771877,-149902,4233
1688984771880,-149902,4233
1688984771882,-149902,4233
1688984771884,-149902,4233
1688984771887,-149902,4233
1688984771888,-149902,4233
1688984771891,-149902,4233
1688984771894,-149902,4233
1688984771896,-149902,4233
1688984771898,-149902,4233
1688984771900,-149902,4233
1688984771903,-149902,4233
1688984771905,-149902,4233
1688984771907,-149902,4233
1688984771909,-149902,4233
1688984771912,-149902,4233
1688984771914,-149902,4233
1688984771916,-149902,4233
1688984771918,-149902,4233
1688984771920,-149902,4233
1688984771923,-149902,4233
1688984771925,-149902,4233
1688984771928,-149902,4233
1688984771930,-149902,4233
1688984771932,-149902,4233
1688984771934,-149902,4233
1688984771936,-149902,4233
1688984771938,-149902,4233
1688984771942,-149902,4233
1688984771944,-149902,4233
1688984771947,-149902,4233
1688984771951,-149902,4233
1688984771953,-149902,4233
1688984771956,-149902,4233
1688984771960,-149902,4233
1688984771964,-149902,4233
1688984771968,-149902,4233
1688984771971,-149902,4233
1688984771974,-149902,4233
1688984771977,-149902,4233
1688984771980,-149902,4233
1688984771983,-149902,4233
1688984771985,-149902,4233
1688984771988,-149902,4233
1688984771991,-149902,4233
1688984771993,-149902,4233
1688984771996,-149902,4233
1688984771998,-149902,4233
1688984772001,-149902,4233
1688984772005,-149902,4233
1688984772009,-149902,4233
1688984772012,-149902,4233
1688984772015,-149902,4233
1688984772018,-149902,4233
1688984772021,-149902,4233
1688984772024,-149902,4233
1688984772027,-149902,4233
1688984772030,-149902,4233
1688984772033,-149902,4233
1688984772035,-149902,4233
1688984772038,-149902,4233
1688984772041,-149902,4233
1688984772044,-149902,4233
1688984772047,-149902,4233
1688984772050,-149902,4233
1688984772053,-149902,4233
1688984772056,-149902,4233
1688984772060,-149902,4233
1688984772063,-149902,4233
1688984772066,-149902,4233
1688984772069,-149902,4233
1688984772072,-149902,4233
1688984772075,-149902,4233
1688984772077,-149902,4233
1688984772081,-149902,4233
1688984772085,-149902,4233
1688984772088,-149902,4233
1688984772091,-149902,4233
1688984772094,-149902,4233
1688984772097,-149902,4233
1688984772100,-149902,4233
1688984772103,-149902,4233
1688984772106,-149902,4233
1688984772108,-149902,4233
1688984772111,-149902,4233
1688984772114,-149902,4233
1688984772117,-149902,4233
1688984772119,-149902,4233
1688984772122,-149902,4233
1688984772126,-149902,4233
1688984772128,-149902,4233
1688984772131,-149902,4233
1688984772133,-149902,4233
1688984772135,-149902,4233
1688984772137,-149902,4233
1688984772139,-149902,4233
1688984772141,-149902,4233
1688984772143,-149902,4233
1688984772145,-149902,4233
1688984772148,-149902,4233
1688984772151,-149902,4233
1688984772154,-149902,4233
1688984772157,-149902,4233
1688984772159,-149902,4233
1688984772162,-149902,4233
1688984772165,-149902,4233
1688984772168,-149902,4233
1688984772171,-149902,4233
1688984772174,-149902,4233
1688984772176,-149902,4233
1688984772179,-149902,4233
1688984772182,-149902,4233
1688984772195,-149902,4233
1688984772198,-149902,4233
1688984772201,-149902,4233
1688984772213,-149902,4233
1688984772221,-149902,4233
1688984772224,-149902,4233
1688984772230,-149902,4233
1688984772232,-149902,4233
1688984772234,-149902,4233
1688984772237,-149902,4233
1688984772239,-149902,4233
1688984772241,-149902,4233
1688984772244,-149902,4233
1688984772248,-149902,4233
1688984772252,-149902,4233
1688984772262,-149902,4233
1688984772266,-149902,4233
1688984772269,-149902,4233
1688984772270,-149902,4233
1688984772272,-149902,4233
1688984772273,-149902,4233
1688984772275,-149902,4233
1688984772277,-149902,4233
1688984772279,-149902,4233
1688984772281,-149902,4233
1688984772283,-149902,4233
1688984772285,-149902,4233
1688984772287,-149902,4233
1688984772288,-149902,4233
1688984772290,-149902,4233
1688984772292,-149902,4233
1688984772294,-149902,4233
1688984772295,-149902,4233
1688984772297,-149902,4233
1688984772299,-149902,4233
1688984772301,-149902,4233
1688984772303,-149902,4233
1688984772306,-149902,4233
1688984772308,-149902,4233
1688984772310,-149902,4233
1688984772312,-149902,4233
1688984772315,-149902,4233
1688984772317,-149902,4233
1688984772318,-149902,4233
1688984772321,-149902,4233
1688984772324,-149902,4233
1688984772325,-149902,4233
1688984772327,-149902,4233
1688984772329,-149902,4233
1688984772330,-149902,4233
1688984772332,-149902,4233
1688984772334,-149902,4233
1688984772335,-149902,4233
1688984772337,-149902,4233
1688984772338,-149902,4233
1688984772340,-149902,4233
1688984772342,-149902,4233
1688984772345,-149902,4233
1688984772346,-149902,4233
1688984772348,-149902,4233
1688984772350,-149902,4233
1688984772351,-149902,4233
1688984772353,-149902,4233
1688984772355,-149902,4233
1688984772357,-149902,4233
1688984772358,-149902,4233
1688984772361,-149902,4233
1688984772363,-149902,4233
1688984772365,-149902,4233
1688984772366,-149902,4233
1688984772368,-149902,4233
1688984772370,-149902,4233
1688984772371,-149902,4233
1688984772373,-149902,4233
1688984772375,-149902,4233
1688984772376,-149902,4233
1688984772378,-149902,4233
1688984772380,-149902,4233
1688984772381,-149902,4233
1688984772383,-149902,4233
1688984772385,-149902,4233
1688984772387,-149902,4233
1688984772390,-149902,4233
1688984772393,-149902,4233
1688984772395,-179687,4233
1688984772397,-179687,4233
1688984772400,-179687,4233
1688984772402,-179687,4233
1688984772403,-179687,4233
1688984772405,-179687,4233
1688984772406,-179687,4233
1688984772408,-179687,4233
1688984772409,-179687,4233
1688984772411,-179687,4233
1688984772413,-179687,4233
1688984772414,-179687,4233
1688984772416,-179687,4233
1688984772417,-179687,4233
1688984772419,-179687,4233
1688984772421,-179687,4233
1688984772424,-179687,4233
1688984772427,-179687,4233
1688984772430,-179687,4233
1688984772433,-179687,4233
1688984772435,-179687,4233
1688984772437,-179687,4233
1688984772440,-179687,4233
1688984772444,-179687,4233
1688984772447,-179687,4233
1688984772449,-179687,4233
1688984772452,-179687,4233
1688984772455,-179687,4233
1688984772458,-179687,4233
1688984772461,-179687,4233
1688984772463,-179687,4233
1688984772466,-179687,4233
1688984772469,-179687,4233
1688984772472,-179687,4233
1688984772475,-179687,4233
1688984772478,-179687,4233
1688984772482,-179687,4233
1688984772486,-179687,4233
1688984772489,-179687,4233
1688984772492,-179687,4233
1688984772495,-179687,4233
1688984772502,-179687,4233
1688984772507,-179687,4233
1688984772510,-179687,4233
1688984772513,-179687,4233
1688984772516,-179687,4233
1688984772518,-179687,4233
1688984772523,-179687,4233
1688984772526,-179687,4233
1688984772529,-179687,4233
1688984772533,-179687,4233
1688984772535,-179687,4233
1688984772538,-179687,4233
1688984772542,-179687,4233
1688984772545,-179687,4233
1688984772548,-179687,4233
1688984772550,-179687,4233
1688984772553,-179687,4233
1688984772556,-179687,4233
1688984772558,-179687,4233
1688984772561,-179687,4233
1688984772564,-179687,4233
1688984772567,-179687,4233
1688984772570,-179687,4233
1688984772573,-179687,4233
1688984772576,-179687,4233
1688984772578,-179687,4233
1688984772582,-179687,4233
1688984772585,-179687,4233
1688984772588,-179687,4233
1688984772592,-179687,4233
1688984772595,-179687,4233
1688984772598,-179687,4233
1688984772601,-179687,4233
1688984772604,-179687,4233
1688984772607,-179687,4233
1688984772610,-179687,4233
1688984772613,-179687,4233
1688984772616,-179687,4233
1688984772618,-179687,4233
1688984772621,-179687,4233
1688984772624,-179687,4233
1688984772626,-179687,4233
1688984772629,-179687,4233
1688984772632,-179687,4233
1688984772635,-179687,4233
1688984772637,-179687,4233
1688984772640,-179687,4233
1688984772644,-179687,4233
1688984772647,-179687,4233
1688984772649,-179687,4233
1688984772651,-179687,4233
1688984772654,-179687,4233
1688984772656,-179687,4233
1688984772660,-179687,4233
1688984772663,-179687,4233
1688984772665,-179687,4233
1688984772668,-179687,4233
1688984772671,-179687,4233
1688984772675,-179687,4233
1688984772677,-179687,4233
1688984772681,-179687,4233
1688984772684,-179687,4233
1688984772687,-179687,4233
1688984772690,-179687,4233
1688984772694,-179687,4233
1688984772697,-179687,4233
1688984772700,-179687,4233
1688984772703,-179687,4233
1688984772705,-179687,4233
1688984772708,-179687,4233
1688984772711,-179687,4233
1688984772714,-179687,4233
1688984772717,-179687,4233
1688984772721,-179687,4233
1688984772725,-179687,4233
1688984772728,-179687,4233
1688984772731,-179687,4233
1688984772733,-179687,4233
1688984772736,-179687,4233
1688984772739,-179687,4233
1688984772742,-179687,4233
1688984772745,-179687,4233
1688984772753,-179687,4233
1688984772757,-179687,4233
1688984772760,-179687,4233
1688984772764,-179687,4233
1688984772767,-179687,4233
1688984772770,-179687,4233
1688984772774,-179687,4233
1688984772776,-179687,4233
1688984772779,-179687,4233
1688984772783,-179687,4233
1688984772785,-179687,4233
1688984772788,-179687,4233
1688984772791,-179687,4233
1688984772794,-179687,4233
1688984772796,-179687,4233
1688984772801,-179687,4233
1688984772805,-179687,4233
1688984772808,-179687,4233
1688984772811,-179687,4233
1688984772813,-179687,4233
1688984772816,-179687,4233
1688984772818,-179687,4233
1688984772821,-179687,4233
1688984772823,-179687,4233
1688984772826,-179687,4233
1688984772829,-179687,4233
1688984772832,-179687,4233
1688984772834,-179687,4233
1688984772837,-179687,4233
1688984772840,-179687,4233
1688984772843,-179687,4233
1688984772845,-179687,4233
1688984772847,-179687,4233
1688984772849,-179687,4233
1688984772852,-179687,4233
1688984772854,-179687,4233
1688984772856,-179687,4233
1688984772858,-179687,4233
1688984772860,-179687,4233
1688984772863,-179687,4233
1688984772865,-179687,4233
1688984772867,-179687,4233
1688984772869,-179687,4233
1688984772872,-179687,4233
1688984772874,-179687,4233
1688984772876,-179687,4233
1688984772880,-179687,4233
1688984772882,-179687,4233
1688984772884,-179687,4233
1688984772887,-179687,4233
1688984772889,-179687,4233
1688984772891,-179687,4233
1688984772893,-179687,4233
1688984772895,-179687,4233
1688984772898,-179687,4233
1688984772900,-179687,4233
1688984772902,-179687,4233
1688984772905,-179687,4233
1688984772907,-179687,4233
1688984772909,-179687,4233
1688984772911,-179687,4233
1688984772913,-179687,4233
1688984772916,-179687,4233
1688984772918,-179687,4233
1688984772920,-179687,4233
1688984772923,-179687,4233
1688984772925,-179687,4233
1688984772927,-179687,4233
1688984772930,-179687,4233
1688984772933,-179687,4233
1688984772935,-179687,4233
1688984772937,-179687,4233
1688984772939,-179687,4233
1688984772942,-179687,4233
1688984772944,-179687,4233
1688984772946,-179687,4233
1688984772948,-179687,4233
1688984772950,-179687,4233
1688984772952,-179687,4233
1688984772954,-179687,4233
1688984772956,-179687,4233
1688984772959,-179687,4233
1688984772961,-179687,4233
1688984772963,-179687,4233
1688984772966,-179687,4233
1688984772967,-179687,4233
1688984772970,-179687,4233
1688984772972,-179687,4233
1688984772974,-179687,4233
1688984772976,-179687,4233
1688984772978,-179687,4233
1688984772981,-179687,4233
1688984772983,-179687,4233
1688984772985,-179687,4233
1688984772988,-179687,4233
1688984772990,-179687,4233
1688984772992,-179687,4233
1688984772993,-179687,4233
1688984772996,-179687,4233
1688984772999,-179687,4233
1688984773002,-179687,4233
1688984773004,-179687,4233
1688984773006,-179687,4233
1688984773008,-179687,4233
1688984773011,-179687,4233
1688984773013,-179687,4233
1688984773015,-179687,4233
1688984773017,-179687,4233
1688984773019,-179687,4233
1688984773022,-179687,4233
1688984773024,-179687,4233
1688984773026,-179687,4233
1688984773028,-179687,4233
1688984773030,-179687,4233
1688984773032,-179687,4233
1688984773034,-179687,4233
1688984773037,-179687,4233
1688984773039,-179687,4233
1688984773042,-179687,4233
1688984773044,-179687,4233
1688984773046,-179687,4233
1688984773048,-179687,4233
1688984773051,-179687,4233
1688984773053,-179687,4233
1688984773055,-179687,4233
1688984773057,-179687,4233
1688984773059,-179687,4233
1688984773061,-179687,4233
1688984773064,-179687,4233
1688984773066,-179687,4233
1688984773070,-179687,4233
1688984773073,-179687,4233
1688984773075,-179687,4233
1688984773079,-179687,4233
1688984773083,-179687,4233
1688984773085,-179687,4233
1688984773088,-179687,4233
1688984773092,-179687,4233
1688984773094,-179687,4233
1688984773097,-179687,4233
1688984773100,-179687,4233
1688984773103,-179687,4233
1688984773105,-179687,4233
1688984773108,-179687,4233
1688984773111,-179687,4233
1688984773113,-179687,4233
1688984773115,-179687,4233
1688984773118,-179687,4233
1688984773122,-179687,4233
1688984773124,-179687,4233
1688984773126,-179687,4233
1688984773130,-179687,4233
1688984773133,-179687,4233
1688984773135,-179687,4233
1688984773138,-179687,4233
1688984773141,-179687,4233
1688984773143,-179687,4233
1688984773145,-179687,4233
1688984773148,-179687,4233
1688984773151,-179687,4233
1688984773153,-179687,4233
1688984773156,-179687,4233
1688984773158,-179687,4233
1688984773162,-179687,4233
1688984773165,-179687,4233
1688984773168,-179687,4233
1688984773172,-179687,4233
1688984773174,-179687,4233
1688984773177,-179687,4233
1688984773181,-179687,4233
1688984773185,-179687,4233
1688984773187,-179687,4233
1688984773191,-179687,4233
1688984773194,-179687,4233
1688984773196,-179687,4233
1688984773200,-179687,4233
1688984773203,-179687,4233
1688984773206,-179687,4233
1688984773209,-179687,4233
1688984773211,-179687,4233
1688984773213,-179687,4233
1688984773216,-179687,4233
1688984773220,-179687,4233
1688984773224,-179687,4233
1688984773227,-179687,4233
1688984773230,-179687,4233
1688984773232,-179687,4233
1688984773236,-179687,4233
1688984773240,-179687,4233
1688984773244,-179687,4233
1688984773247,-179687,4233
1688984773251,-179687,4233
1688984773254,-179687,4233
1688984773256,-179687,4233
1688984773260,-179687,4233
1688984773262,-179687,4233
1688984773265,-179687,4233
1688984773268,-179687,4233
1688984773271,-179687,4233
1688984773274,-179687,4233
1688984773278,-179687,4233
1688984773281,-179687,4233
1688984773284,-179687,4233
1688984773286,-179687,4233
1688984773290,-179687,4233
1688984773293,-179687,4233
1688984773296,-179687,4233
1688984773298,-179687,4233
1688984773301,-179687,4233
1688984773304,-179687,4233
1688984773306,-179687,4233
1688984773310,-179687,4233
1688984773313,-179687,4233
1688984773316,-179687,4233
1688984773320,-179687,4233
1688984773323,-179687,4233
1688984773326,-179687,4233
1688984773329,-179687,4233
1688984773332,-179687,4233
1688984773335,-179687,4233
1688984773338,-179687,4233
1688984773341,-179687,4233
1688984773344,-179687,4233
1688984773347,-179687,4233
1688984773350,-179687,4233
1688984773353,-179687,4233
1688984773356,-179687,4233
1688984773359,-179687,4233
1688984773362,-179687,4233
1688984773365,-179687,4233
1688984773368,-179687,4233
1688984773371,-179687,4233
1688984773374,-179687,4233
1688984773377,-179687,4233
1688984773380,-179687,4233
1688984773384,-179687,4233
1688984773386,-179687,4233
1688984773389,-179687,4233
1688984773391,-179687,4233
1688984773394,-179687,4233
1688984773397,-179687,4233
1688984773400,-179687,4233
1688984773403,-179687,4233
1688984773406,-179687,4233
1688984773408,-179687,4233
1688984773412,-179687,4233
1688984773415,-179687,4233
1688984773418,-179687,4233
1688984773421,-179687,4233
1688984773424,-179687,4233
1688984773426,-179687,4233
1688984773429,-179687,4233
1688984773431,-179687,4233
1688984773434,-179687,4233
1688984773438,-179687,4233
1688984773442,-179687,4233
1688984773445,-179687,4233
1688984773447,-179687,4233
1688984773450,-179687,4233
1688984773453,-179687,4233
1688984773456,-179687,4233
1688984773459,-179687,4233
1688984773462,-179687,4233
1688984773465,-179687,4233
1688984773468,-179687,4233
1688984773470,-179687,4233
1688984773473,-179687,4233
1688984773476,-179687,4233
1688984773480,-179687,4233
1688984773483,-179687,4233
1688984773485,-179687,4233
1688984773488,-179687,4233
1688984773492,-179687,4233
1688984773495,-179687,4233
1688984773498,-179687,4233
1688984773501,-179687,4233
1688984773503,-179687,4233
1688984773506,-179687,4233
1688984773510,-179687,4233
1688984773512,-179687,4233
1688984773515,-179687,4233
1688984773518,-179687,4233
1688984773523,-179687,4233
1688984773526,-179687,4233
1688984773529,-179687,4233
1688984773532,-179687,4233
1688984773534,-179687,4233
1688984773537,-179687,4233
1688984773540,-179687,4233
1688984773543,-179687,4233
1688984773546,-179687,4233
1688984773548,-179687,4233
1688984773552,-179687,4233
1688984773555,-179687,4233
1688984773558,-179687,4233
1688984773561,-179687,4233
1688984773564,-179687,4233
1688984773566,-179687,4233
1688984773569,-179687,4233
1688984773572,-179687,4233
1688984773575,-179687,4233
1688984773577,-179687,4233
1688984773582,-179687,4233
1688984773585,-179687,4233
1688984773587,-179687,4233
1688984773590,-179687,4233
1688984773594,-179687,4233
1688984773597,-179687,4233
1688984773600,-179687,4233
1688984773603,-179687,4233
1688984773606,-179687,4233
1688984773611,-179687,4233
1688984773615,-179687,4233
1688984773618,-179687,4233
1688984773621,-179687,4233
1688984773623,-179687,4233
1688984773626,-179687,4233
1688984773628,-179687,4233
1688984773631,-179687,4233
1688984773634,-179687,4233
1688984773637,-179687,4233
1688984773640,-179687,4233
1688984773643,-179687,4233
1688984773646,-179687,4233
1688984773649,-179687,4233
1688984773652,-179687,4233
1688984773655,-179687,4233
1688984773657,-179687,4233
1688984773660,-179687,4233
1688984773663,-179687,4233
1688984773666,-179687,4233
1688984773668,-179687,4233
1688984773672,-179687,4233
1688984773676,-179687,4233
1688984773680,-179687,4233
1688984773683,-179687,4233
1688984773685,-179687,4233
1688984773688,-179687,4233
1688984773692,-179687,4233
1688984773694,-179687,4233
1688984773697,-179687,4233
1688984773700,-179687,4233
1688984773704,-179687,4233
1688984773706,-179687,4233
1688984773710,-179687,4233
1688984773713,-179687,4233
1688984773716,-179687,4233
1688984773720,-179687,4233
1688984773723,-179687,4233
1688984773726,-179687,4233
1688984773729,-179687,4233
1688984773732,-179687,4233
1688984773735,-179687,4233
1688984773738,-179687,4233
1688984773741,-179687,4233
1688984773744,-179687,4233
1688984773747,-179687,4233
1688984773750,-179687,4233
1688984773760,-179687,4233
1688984773765,-179687,4233
1688984773767,-179687,4233
1688984773770,-179687,4233
1688984773773,-179687,4233
1688984773776,-179687,4233
1688984773779,-179687,4233
1688984773782,-179687,4233
1688984773785,-179687,4233
1688984773788,-179687,4233
1688984773791,-179687,4233
1688984773794,-179687,4233
1688984773797,-179687,4233
1688984773800,-179687,4233
1688984773802,-179687,4233
1688984773804,-179687,4233
1688984773806,-179687,4233
1688984773807,-179687,4233
1688984773809,-179687,4233
1688984773812,-179687,4233
1688984773813,-179687,4233
1688984773815,-179687,4233
1688984773818,-179687,4233
1688984773821,-179687,4233
1688984773823,-179687,4233
1688984773824,-179687,4233
1688984773826,-179687,4233
1688984773827,-179687,4233
1688984773828,-179687,4233
1688984773830,-179687,4233
1688984773831,-179687,4233
1688984773833,-179687,4233
1688984773835,-179687,4233
1688984773836,-179687,4233
1688984773838,-179687,4233
1688984773840,-179687,4233
1688984773841,-179687,4233
1688984773842,-179687,4233
1688984773843,-179687,4233
1688984773845,-179687,4233
1688984773846,-179687,4233
1688984773848,-179687,4233
1688984773850,-179687,4233
1688984773851,-179687,4233
1688984773852,-179687,4233
1688984773854,-179687,4233
1688984773855,-179687,4233
1688984773856,-179687,4233
1688984773858,-179687,4233
1688984773860,-179687,4233
1688984773862,-179687,4233
1688984773864,-150390,4233
1688984773866,-150390,4233
1688984773868,-150390,4233
1688984773870,-150390,4233
1688984773872,-150390,4233
1688984773874,-150390,4233
1688984773876,-150390,4233
1688984773878,-150390,4233
1688984773881,-150390,4233
1688984773883,-150390,4233
1688984773884,-150390,4233
1688984773886,-150390,4233
1688984773888,-150390,4233
1688984773890,-150390,4233
1688984773892,-150390,4233
1688984773894,-150390,4233
1688984773896,-150390,4233
1688984773897,-150390,4233
1688984773899,-150390,4233
1688984773903,-150390,4233
1688984773906,-150390,4233
1688984773909,-150390,4233
1688984773913,-150390,4233
1688984773917,-150390,4233
1688984773920,-150390,4233
1688984773923,-150390,4233
1688984773925,-150390,4233
1688984773928,-150390,4233
1688984773930,-150390,4233
1688984773933,-150390,4233
1688984773935,-150390,4233
1688984773938,-150390,4233
1688984773942,-150390,4233
1688984773944,-150390,4233
1688984773947,-150390,4233
1688984773949,-150390,4233
1688984773951,-150390,4233
1688984773954,-150390,4233
1688984773956,-150390,4233
1688984773959,-150390,4233
1688984773962,-150390,4233
1688984773965,-150390,4233
1688984773967,-150390,4233
1688984773969,-150390,4233
1688984773971,-150390,4233
1688984773973,-150390,4233
1688984773975,-150390,4233
1688984773977,-150390,4233
1688984773980,-150390,4233
1688984773982,-150390,4233
1688984773984,-150390,4233
1688984773986,-150390,4233
1688984773988,-150390,4233
1688984773991,-150390,4233
1688984773994,-150390,4233
1688984773996,-150390,4233
1688984773998,-150390,4233
1688984774001,-150390,4233
1688984774004,-150390,4233
1688984774006,-150390,4233
1688984774008,-150390,4233
1688984774010,-150390,4233
1688984774012,-150390,4233
1688984774015,-150390,4233
1688984774017,-150390,4233
1688984774019,-150390,4233
1688984774021,-150390,4233
1688984774023,-150390,4233
1688984774025,-150390,4233
1688984774027,-150390,4233
1688984774030,-150390,4233
1688984774032,-150390,4233
1688984774035,-150390,4233
1688984774037,-150390,4233
1688984774039,-150390,4233
1688984774041,-150390,4233
1688984774043,-150390,4233
1688984774045,-150390,4233
1688984774047,-150390,4233
1688984774049,-150390,4233
1688984774051,-150390,4233
1688984774053,-150390,4233
1688984774056,-150390,4233
1688984774058,-150390,4233
1688984774061,-150390,4233
1688984774063,-150390,4233
1688984774065,-150390,4233
1688984774068,-150390,4233
1688984774070,-150390,4233
1688984774072,-150390,4233
1688984774074,-150390,4233
1688984774076,-150390,4233
1688984774078,-150390,4233
1688984774081,-150390,4233
1688984774083,-150390,4233
1688984774085,-150390,4233
1688984774087,-150390,4233
1688984774089,-150390,4233
1688984774092,-150390,4233
1688984774094,-150390,4233
1688984774096,-150390,4233
1688984774098,-150390,4233
1688984774101,-150390,4233
1688984774103,-150390,4233
1688984774105,-150390,4233
1688984774107,-150390,4233
1688984774109,-150390,4233
1688984774111,-150390,4233
1688984774114,-150390,4233
1688984774115,-150390,4233
1688984774117,-150390,4233
1688984774120,-150390,4233
1688984774123,-150390,4233
1688984774125,-150390,4233
1688984774126,-150390,4233
1688984774128,-150390,4233
1688984774130,-150390,4233
1688984774132,-150390,4233
1688984774134,-150390,4233
1688984774137,-150390,4233
1688984774139,-150390,4233
1688984774141,-150390,4233
1688984774143,-150390,4233
1688984774145,-150390,4233
1688984774147,-150390,4233
1688984774150,-150390,4233
1688984774153,-150390,4233
1688984774155,-150390,4233
1688984774157,-150390,4233
1688984774160,-150390,4233
1688984774162,-150390,4233
1688984774164,-150390,4233
1688984774167,-150390,4233
1688984774169,-150390,4233
1688984774172,-150390,4233
1688984774174,-150390,4233
1688984774176,-150390,4233
1688984774178,-150390,4233
1688984774181,-150390,4233
1688984774183,-150390,4233
1688984774185,-150390,4233
1688984774187,-150390,4233
1688984774190,-150390,4233
1688984774194,-150390,4233
1688984774197,-150390,4233
1688984774200,-150390,4233
1688984774203,-150390,4233
1688984774206,-150390,4233
1688984774208,-150390,4233
1688984774211,-150390,4233
1688984774214,-150390,4233
1688984774217,-150390,4233
1688984774220,-150390,4233
1688984774223,-150390,4233
1688984774226,-150390,4233
1688984774228,-150390,4233
1688984774233,-150390,4233
1688984774236,-150390,4233
1688984774238,-150390,4233
1688984774241,-150390,4233
1688984774244,-150390,4233
1688984774246,-150390,4233
1688984774250,-150390,4233
1688984774252,-150390,4233
1688984774255,-150390,4233
1688984774258,-150390,4233
1688984774261,-150390,4233
1688984774264,-150390,4233
1688984774266,-150390,4233
1688984774271,-150390,4233
1688984774274,-150390,4233
1688984774277,-150390,4233
1688984774280,-150390,4233
1688984774283,-150390,4233
1688984774286,-150390,4233
1688984774290,-150390,4233
1688984774293,-150390,4233
1688984774295,-150390,4233
1688984774298,-150390,4233
1688984774302,-150390,4233
1688984774305,-150390,4233
1688984774308,-150390,4233
1688984774311,-150390,4233
1688984774314,-150390,4233
1688984774317,-150390,4233
1688984774320,-150390,4233
1688984774323,-150390,4233
1688984774326,-150390,4233
1688984774328,-150390,4233
1688984774332,-150390,4233
1688984774335,-150390,4233
1688984774337,-150390,4233
1688984774342,-150390,4233
1688984774347,-150390,4233
1688984774352,-150390,4233
1688984774356,-150390,4233
1688984774360,-150390,4233
1688984774362,-150390,4233
1688984774365,-150390,4233
1688984774366,-150390,4233
1688984774368,-150390,4233
1688984774370,-150390,4233
1688984774372,-150390,4233
1688984774374,-150390,4233
1688984774376,-150390,4233
1688984774377,-150390,4233
1688984774378,-150390,4233
1688984774379,-150390,4233
1688984774381,-150390,4233
1688984774382,-150390,4233
1688984774384,-150390,4233
1688984774385,-150390,4233
1688984774387,-150390,4233
1688984774388,-150390,4233
1688984774391,-150390,4233
1688984774396,-150390,4233
1688984774398,-150390,4233
1688984774399,-150390,4233
1688984774402,-150390,4233
1688984774405,-150390,4233
1688984774407,-150390,4233
1688984774410,-150390,4233
1688984774414,-150390,4233
1688984774416,-150390,4233
1688984774419,-150390,4233
1688984774423,-150390,4233
1688984774426,-150390,4233
1688984774428,-150390,4233
1688984774432,-150390,4233
1688984774436,-150390,4233
1688984774439,-150390,4233
1688984774442,-150390,4233
1688984774445,-150390,4233
1688984774448,-150390,4233
1688984774452,-150390,4233
1688984774455,-150390,4233
1688984774458,-150390,4233
1688984774461,-150390,4233
1688984774464,-150390,4233
1688984774467,-150390,4233
1688984774470,-150390,4233
1688984774474,-150390,4233
1688984774477,-150390,4233
1688984774481,-150390,4233
1688984774484,-150390,4233
1688984774486,-150390,4233
1688984774489,-150390,4233
1688984774491,-150390,4233
1688984774493,-150390,4233
1688984774494,-150390,4233
1688984774496,-150390,4233
1688984774498,-150390,4233
1688984774501,-150390,4233
1688984774503,-150390,4233
1688984774506,-150390,4233
1688984774510,-150390,4233
1688984774513,-150390,4233
1688984774516,-150390,4233
1688984774520,-150390,4233
1688984774522,-150390,4233
1688984774525,-150390,4233
1688984774528,-150390,4233
1688984774531,-150390,4233
1688984774533,-150390,4233
1688984774536,-150390,4233
1688984774539,-150390,4233
1688984774542,-150390,4233
1688984774544,-150390,4233
1688984774547,-150390,4233
1688984774551,-150390,4233
1688984774554,-150390,4233
1688984774556,-150390,4233
1688984774560,-150390,4233
1688984774563,-150390,4233
1688984774565,-150390,4233
1688984774568,-150390,4233
1688984774572,-150390,4233
1688984774575,-150390,4233
1688984774578,-150390,4233
1688984774581,-150390,4233
1688984774584,-150390,4233
1688984774586,-150390,4233
1688984774590,-150390,4233
1688984774593,-150390,4233
1688984774595,-150390,4233
1688984774598,-150390,4233
1688984774602,-150390,4233
1688984774605,-150390,4233
1688984774608,-150390,4233
1688984774611,-150390,4233
1688984774613,-150390,4233
1688984774616,-150390,4233
1688984774619,-150390,4233
1688984774622,-150390,4233
1688984774625,-150390,4233
1688984774628,-150390,4233
1688984774632,-150390,4233
1688984774635,-150390,4233
1688984774637,-150390,4233
1688984774640,-150390,4233
1688984774643,-150390,4233
1688984774645,-150390,4233
1688984774648,-150390,4233
1688984774651,-150390,4233
1688984774654,-150390,4233
1688984774656,-150390,4233
1688984774658,-150390,4233
1688984774662,-150390,4233
1688984774666,-150390,4233
1688984774669,-150390,4233
1688984774672,-150390,4233
1688984774676,-150390,4233
1688984774678,-150390,4233
1688984774681,-150390,4233
1688984774684,-150390,4233
1688984774686,-150390,4233
1688984774688,-150390,4233
1688984774690,-150390,4233
1688984774692,-150390,4233
1688984774694,-150390,4233
1688984774696,-150390,4233
1688984774698,-150390,4233
1688984774702,-150390,4233
1688984774704,-150390,4233
1688984774707,-150390,4233
1688984774710,-150390,4233
1688984774713,-150390,4233
1688984774716,-150390,4233
1688984774718,-150390,4233
1688984774721,-150390,4233
1688984774724,-150390,4233
1688984774726,-150390,4233
1688984774729,-150390,4233
1688984774732,-150390,4233
1688984774735,-150390,4233
1688984774738,-150390,4233
1688984774740,-150390,4233
1688984774743,-150390,4233
1688984774746,-150390,4233
1688984774750,-150390,4233
1688984774753,-150390,4233
1688984774756,-150390,4233
1688984774764,-150390,4233
1688984774767,-150390,4233
1688984774770,-150390,4233
1688984774772,-150390,4233
1688984774774,-150390,4233
1688984774776,-150390,4233
1688984774778,-150390,4233
1688984774780,-150390,4233
1688984774783,-150390,4233
1688984774785,-150390,4233
1688984774789,-150390,4233
1688984774792,-150390,4233
1688984774795,-150390,4233
1688984774798,-150390,4233
1688984774801,-150390,4233
1688984774804,-150390,4233
1688984774807,-150390,4233
1688984774810,-150390,4233
1688984774813,-150390,4233
1688984774815,-150390,4233
1688984774818,-150390,4233
1688984774820,-150390,4233
1688984774823,-150390,4233
1688984774826,-150390,4233
1688984774829,-150390,4233
1688984774832,-150390,4233
1688984774835,-150390,4233
1688984774838,-150390,4233
1688984774842,-150390,4233
1688984774845,-150390,4233
1688984774848,-150390,4233
1688984774851,-150390,4233
1688984774853,-150390,4233
1688984774856,-150390,4233
1688984774859,-150390,4233
1688984774861,-150390,4233
1688984774864,-150390,4233
1688984774867,-150390,4233
1688984774871,-150390,4233
1688984774874,-150390,4233
1688984774877,-150390,4233
1688984774881,-150390,4233
1688984774884,-150390,4233
1688984774887,-150390,4233
1688984774890,-150390,4233
1688984774892,-150390,4233
1688984774895,-150390,4233
1688984774897,-150390,4233
1688984774901,-150390,4233
1688984774904,-150390,4233
1688984774908,-150390,4233
1688984774912,-150390,4233
1688984774914,-150390,4233
1688984774916,-150390,4233
1688984774917,-150390,4233
1688984774920,-150390,4233
1688984774923,-150390,4233
1688984774925,-150390,4233
1688984774926,-150390,4233
1688984774928,-150390,4233
1688984774931,-150390,4233
1688984774934,-150390,4233
1688984774937,-150390,4233
1688984774940,-150390,4233
1688984774942,-150390,4233
1688984774944,-150390,4233
1688984774945,-150390,4233
1688984774949,-150390,4233
1688984774952,-150390,4233
1688984774953,-150390,4233
1688984774955,-150390,4233
1688984774957,-150390,4233
1688984774960,-150390,4233
1688984774961,-150390,4233
1688984774963,-150390,4233
1688984774964,-150390,4233
1688984774966,-150390,4233
1688984774967,-150390,4233
1688984774968,-150390,4233
1688984774970,-150390,4233
1688984774972,-150390,4233
1688984774973,-150390,4233
1688984774974,-150390,4233
1688984774976,-150390,4233
1688984774977,-150390,4233
1688984774979,-150390,4233
1688984774981,-150390,4233
1688984774982,-150390,4233
1688984774984,-150390,4233
1688984774985,-150390,4233
1688984774987,-150390,4233
1688984774989,-150390,4233
1688984774990,-150390,4233
1688984774992,-150390,4233
1688984774994,-150390,4233
1688984774995,-150390,4233
1688984774996,-150390,4233
1688984774998,-150390,4233
1688984775001,-150390,4233
1688984775004,-150390,4233
1688984775007,-150390,4233
1688984775010,-150390,4233
1688984775014,-150390,4233
1688984775017,-150390,4233
1688984775020,-150390,4233
1688984775023,-150390,4233
1688984775026,-150390,4233
1688984775030,-150390,4233
1688984775034,-150390,4233
1688984775037,-150390,4233
1688984775040,-150390,4233
1688984775043,-150390,4233
1688984775046,-150390,4233
1688984775050,-150390,4233
1688984775053,-150390,4233
1688984775056,-150390,4233
1688984775059,-150390,4233
1688984775062,-150390,4233
1688984775065,-150390,4233
1688984775069,-150390,4233
1688984775072,-150390,4233
1688984775073,-150390,4233
1688984775075,-150390,4233
1688984775078,-150390,4233
1688984775081,-150390,4233
1688984775085,-150390,4233
1688984775088,-150390,4233
1688984775090,-150390,4233
1688984775092,-150390,4233
1688984775095,-150390,4233
1688984775097,-150390,4233
1688984775099,-150390,4233
1688984775101,-150390,4233
1688984775103,-150390,4233
1688984775106,-150390,4233
1688984775108,-150390,4233
1688984775111,-150390,4233
1688984775113,-150390,4233
1688984775115,-150390,4233
1688984775117,-150390,4233
1688984775119,-150390,4233
1688984775121,-150390,4233
1688984775123,-150390,4233
1688984775125,-150390,4233
1688984775127,-150390,4233
1688984775129,-150390,4233
1688984775131,-150390,4233
1688984775132,-150390,4233
1688984775134,-150390,4233
1688984775135,-150390,4233
1688984775137,-150390,4233
1688984775138,-150390,4233
1688984775141,-150390,4233
1688984775144,-150390,4233
1688984775147,-150390,4233
1688984775150,-150390,4233
1688984775152,-150390,4233
1688984775154,-150390,4233
1688984775156,-150390,4233
1688984775158,-150390,4233
1688984775160,-150390,4233
1688984775162,-150390,4233
1688984775164,-150390,4233
1688984775166,-150390,4233
1688984775168,-150390,4233
1688984775170,-150390,4233
1688984775172,-150390,4233
1688984775174,-150390,4233
1688984775176,-150390,4233
1688984775178,-150390,4233
1688984775180,-150390,4233
1688984775182,-150390,4233
1688984775184,-150390,4233
1688984775187,-150390,4233
1688984775189,-150390,4233
1688984775191,-150390,4233
1688984775193,-150390,4233
1688984775195,-150390,4233
1688984775197,-150390,4233
1688984775200,-150390,4233
1688984775202,-150390,4233
1688984775204,-150390,4233
1688984775206,-150390,4233
1688984775208,-150390,4233
1688984775211,-150390,4233
1688984775213,-150390,4233
1688984775215,-150390,4233
1688984775216,-150390,4233
1688984775219,-150390,4233
1688984775221,-150390,4233
1688984775223,-150390,4233
1688984775226,-150390,4233
1688984775228,-150390,4233
1688984775230,-150390,4233
1688984775232,-150390,4233
1688984775234,-150390,4233
1688984775235,-150390,4233
1688984775237,-150390,4233
1688984775239,-150390,4233
1688984775241,-150390,4233
1688984775243,-150390,4233
1688984775245,-150390,4233
1688984775247,-150390,4233
1688984775250,-150390,4233
1688984775252,-150390,4233
1688984775254,-150390,4233
1688984775256,-150390,4233
1688984775258,-150390,4233
1688984775260,-150390,4233
1688984775262,-150390,4233
1688984775265,-150390,4233
1688984775267,-150390,4233
1688984775270,-150390,4233
1688984775274,-150390,4233
1688984775277,-150390,4233
1688984775281,-150390,4233
1688984775285,-150390,4233
1688984775292,-150390,4233
1688984775295,-150390,4233
1688984775300,-150390,4233
1688984775305,-150390,4233
1688984775308,-150390,4233
1688984775316,-150390,4233
1688984775318,-150390,4233
1688984775320,-150390,4233
1688984775322,-150390,4233
1688984775326,-150390,4233
1688984775331,-150390,4233
1688984775334,-225097,4233
1688984775338,-225097,4233
1688984775341,-225097,4233
1688984775343,-225097,4233
1688984775344,-225097,4233
1688984775345,-225097,4233
1688984775347,-225097,4233
1688984775348,-225097,4233
1688984775350,-225097,4233
1688984775351,-225097,4233
1688984775352,-225097,4233
1688984775354,-225097,4233
1688984775355,-225097,4233
1688984775356,-225097,4233
1688984775358,-225097,4233
1688984775359,-225097,4233
1688984775361,-225097,4233
1688984775362,-225097,4233
1688984775363,-225097,4233
1688984775364,-225097,4233
1688984775366,-225097,4233
1688984775367,-225097,4233
1688984775369,-225097,4233
1688984775370,-225097,4233
1688984775372,-225097,4233
1688984775373,-225097,4233
1688984775374,-225097,4233
1688984775376,-225097,4233
1688984775377,-225097,4233
1688984775378,-225097,4233
1688984775380,-225097,4233
1688984775381,-225097,4233
1688984775384,-225097,4233
1688984775386,-225097,4233
1688984775388,-225097,4233
1688984775390,-225097,4233
1688984775392,-225097,4233
1688984775394,-225097,4233
1688984775396,-225097,4233
1688984775398,-225097,4233
1688984775400,-225097,4233
1688984775401,-225097,4233
1688984775403,-225097,4233
1688984775405,-225097,4233
1688984775406,-225097,4233
1688984775408,-225097,4233
1688984775410,-225097,4233
1688984775412,-225097,4233
1688984775414,-225097,4233
1688984775415,-225097,4233
1688984775417,-225097,4233
1688984775419,-225097,4233
1688984775421,-225097,4233
1688984775424,-225097,4233
1688984775426,-225097,4233
1688984775428,-225097,4233
1688984775429,-225097,4233
1688984775431,-225097,4233
1688984775433,-225097,4233
1688984775435,-225097,4233
1688984775437,-225097,4233
1688984775439,-225097,4233
1688984775441,-225097,4233
1688984775443,-225097,4233
1688984775445,-225097,4233
1688984775446,-225097,4233
1688984775448,-225097,4233
1688984775450,-225097,4233
1688984775452,-225097,4233
1688984775453,-225097,4233
1688984775455,-225097,4233
1688984775456,-225097,4233
1688984775458,-225097,4233
1688984775461,-225097,4233
1688984775464,-225097,4233
1688984775468,-225097,4233
1688984775472,-225097,4233
1688984775475,-225097,4233
1688984775478,-225097,4233
1688984775481,-225097,4233
1688984775485,-225097,4233
1688984775487,-225097,4233
1688984775490,-225097,4233
1688984775493,-225097,4233
1688984775496,-225097,4233
1688984775498,-225097,4233
1688984775503,-225097,4233
1688984775506,-225097,4233
1688984775509,-225097,4233
1688984775512,-225097,4233
1688984775515,-225097,4233
1688984775518,-225097,4233
1688984775521,-225097,4233
1688984775524,-225097,4233
1688984775527,-225097,4233
1688984775530,-225097,4233
1688984775533,-225097,4233
1688984775536,-225097,4233
1688984775538,-225097,4233
1688984775541,-225097,4233
1688984775545,-225097,4233
1688984775549,-225097,4233
1688984775552,-225097,4233
1688984775555,-225097,4233
1688984775557,-225097,4233
1688984775561,-225097,4233
1688984775564,-225097,4233
1688984775566,-225097,4233
1688984775569,-225097,4233
1688984775572,-225097,4233
1688984775574,-225097,4233
1688984775577,-225097,4233
1688984775580,-225097,4233
1688984775583,-225097,4233
1688984775586,-225097,4233
1688984775589,-225097,4233
1688984775593,-225097,4233
1688984775595,-225097,4233
1688984775598,-225097,4233
1688984775601,-225097,4233
1688984775604,-225097,4233
1688984775606,-225097,4233
1688984775609,-225097,4233
1688984775612,-225097,4233
1688984775614,-225097,4233
1688984775617,-225097,4233
1688984775620,-225097,4233
1688984775623,-225097,4233
1688984775627,-225097,4233
1688984775630,-225097,4233
1688984775633,-225097,4233
1688984775636,-225097,4233
1688984775639,-225097,4233
1688984775644,-225097,4233
1688984775647,-225097,4233
1688984775650,-225097,4233
1688984775653,-225097,4233
1688984775656,-225097,4233
1688984775659,-225097,4233
1688984775662,-225097,4233
1688984775665,-225097,4233
1688984775668,-225097,4233
1688984775672,-225097,4233
1688984775675,-225097,4233
1688984775677,-225097,4233
1688984775680,-225097,4233
1688984775683,-225097,4233
1688984775686,-225097,4233
1688984775688,-225097,4233
1688984775691,-225097,4233
1688984775693,-225097,4233
1688984775695,-225097,4233
1688984775697,-225097,4233
1688984775699,-225097,4233
1688984775702,-225097,4233
1688984775705,-225097,4233
1688984775708,-225097,4233
1688984775711,-225097,4233
1688984775714,-225097,4233
1688984775717,-225097,4233
1688984775720,-225097,4233
1688984775723,-225097,4233
1688984775726,-225097,4233
1688984775729,-225097,4233
1688984775731,-225097,4233
1688984775734,-225097,4233
1688984775737,-225097,4233
1688984775740,-225097,4233
1688984775744,-225097,4233
1688984775748,-225097,4233
1688984775751,-225097,4233
1688984775754,-225097,4233
1688984775757,-225097,4233
1688984775760,-225097,4233
1688984775763,-225097,4233
1688984775767,-225097,4233
1688984775772,-225097,4233
1688984775775,-225097,4233
1688984775779,-225097,4233
1688984775782,-225097,4233
1688984775786,-225097,4233
1688984775788,-225097,4233
1688984775791,-225097,4233
1688984775794,-225097,4233
1688984775797,-225097,4233
1688984775800,-225097,4233
1688984775804,-225097,4233
1688984775807,-225097,4233
1688984775810,-225097,4233
1688984775813,-225097,4233
1688984775816,-225097,4233
1688984775818,-225097,4233
1688984775823,-225097,4233
1688984775828,-225097,4233
1688984775832,-225097,4233
1688984775835,-225097,4233
1688984775839,-225097,4233
1688984775842,-225097,4233
1688984775845,-225097,4233
1688984775848,-225097,4233
1688984775852,-225097,4233
1688984775854,-225097,4233
1688984775857,-225097,4233
1688984775860,-225097,4233
1688984775864,-225097,4233
1688984775867,-225097,4233
1688984775870,-225097,4233
1688984775872,-225097,4233
1688984775874,-225097,4233
1688984775877,-225097,4233
1688984775881,-225097,4233
1688984775884,-225097,4233
1688984775886,-225097,4233
1688984775889,-225097,4233
1688984775892,-225097,4233
1688984775894,-225097,4233
1688984775897,-225097,4233
1688984775900,-225097,4233
1688984775903,-225097,4233
1688984775906,-225097,4233
1688984775910,-225097,4233
1688984775913,-225097,4233
1688984775916,-225097,4233
1688984775918,-225097,4233
1688984775922,-225097,4233
1688984775925,-225097,4233
1688984775928,-225097,4233
1688984775931,-225097,4233
1688984775933,-225097,4233
1688984775936,-225097,4233
1688984775938,-225097,4233
1688984775941,-225097,4233
1688984775944,-225097,4233
1688984775946,-225097,4233
1688984775950,-225097,4233
1688984775953,-225097,4233
1688984775956,-225097,4233
1688984775959,-225097,4233
1688984775962,-225097,4233
1688984775965,-225097,4233
1688984775967,-225097,4233
1688984775970,-225097,4233
1688984775972,-225097,4233
1688984775975,-225097,4233
1688984775977,-225097,4233
1688984775980,-225097,4233
1688984775983,-225097,4233
1688984775986,-225097,4233
1688984775989,-225097,4233
1688984775992,-225097,4233
1688984775995,-225097,4233
1688984775997,-225097,4233
1688984776000,-225097,4233
1688984776003,-225097,4233
1688984776005,-225097,4233
1688984776008,-225097,4233
1688984776010,-225097,4233
1688984776013,-225097,4233
1688984776016,-225097,4233
1688984776018,-225097,4233
1688984776021,-225097,4233
1688984776025,-225097,4233
1688984776028,-225097,4233
1688984776030,-225097,4233
1688984776034,-225097,4233
1688984776037,-225097,4233
1688984776043,-225097,4233
1688984776047,-225097,4233
1688984776050,-225097,4233
1688984776053,-225097,4233
1688984776056,-225097,4233
1688984776059,-225097,4233
1688984776063,-225097,4233
1688984776066,-225097,4233
1688984776069,-225097,4233
1688984776072,-225097,4233
1688984776076,-225097,4233
1688984776078,-225097,4233
1688984776082,-225097,4233
1688984776085,-225097,4233
1688984776088,-225097,4233
1688984776091,-225097,4233
1688984776094,-225097,4233
1688984776097,-225097,4233
1688984776101,-225097,4233
1688984776105,-225097,4233
1688984776108,-225097,4233
1688984776111,-225097,4233
1688984776114,-225097,4233
1688984776117,-225097,4233
1688984776121,-225097,4233
1688984776124,-225097,4233
1688984776127,-225097,4233
1688984776130,-225097,4233
1688984776133,-225097,4233
1688984776136,-225097,4233
1688984776139,-225097,4233
1688984776143,-225097,4233
1688984776147,-225097,4233
1688984776149,-225097,4233
1688984776153,-225097,4233
1688984776156,-225097,4233
1688984776158,-225097,4233
1688984776162,-225097,4233
1688984776165,-225097,4233
1688984776168,-225097,4233
1688984776171,-225097,4233
1688984776174,-225097,4233
1688984776177,-225097,4233
1688984776181,-225097,4233
1688984776185,-225097,4233
1688984776188,-225097,4233
1688984776192,-225097,4233
1688984776195,-225097,4233
1688984776197,-225097,4233
1688984776200,-225097,4233
1688984776202,-225097,4233
1688984776204,-225097,4233
1688984776208,-225097,4233
1688984776211,-225097,4233
1688984776214,-225097,4233
1688984776216,-225097,4233
1688984776218,-225097,4233
1688984776221,-225097,4233
1688984776223,-225097,4233
1688984776225,-225097,4233
1688984776227,-225097,4233
1688984776230,-225097,4233
1688984776232,-225097,4233
1688984776234,-225097,4233
1688984776236,-225097,4233
1688984776238,-225097,4233
1688984776241,-225097,4233
1688984776243,-225097,4233
1688984776245,-225097,4233
1688984776248,-225097,4233
1688984776250,-225097,4233
1688984776252,-225097,4233
1688984776254,-225097,4233
1688984776256,-225097,4233
1688984776258,-225097,4233
1688984776261,-225097,4233
1688984776264,-225097,4233
1688984776266,-225097,4233
1688984776268,-225097,4233
1688984776270,-225097,4233
1688984776272,-225097,4233
1688984776274,-225097,4233
1688984776277,-225097,4233
1688984776279,-225097,4233
1688984776281,-225097,4233
1688984776283,-225097,4233
1688984776285,-225097,4233
1688984776287,-225097,4233
1688984776290,-225097,4233
1688984776292,-225097,4233
1688984776294,-225097,4233
1688984776296,-225097,4233
1688984776298,-225097,4233
1688984776301,-225097,4233
1688984776303,-225097,4233
1688984776305,-225097,4233
1688984776308,-225097,4233
1688984776310,-225097,4233
1688984776312,-225097,4233
1688984776314,-225097,4233
1688984776317,-225097,4233
1688984776319,-225097,4233
1688984776321,-225097,4233
1688984776323,-225097,4233
1688984776325,-225097,4233
1688984776327,-225097,4233
1688984776329,-225097,4233
1688984776332,-225097,4233
1688984776334,-225097,4233
1688984776336,-225097,4233
1688984776339,-225097,4233
1688984776342,-225097,4233
1688984776344,-225097,4233
1688984776346,-225097,4233
1688984776349,-225097,4233
1688984776351,-225097,4233
1688984776353,-225097,4233
1688984776355,-225097,4233
1688984776357,-225097,4233
1688984776359,-225097,4233
1688984776361,-225097,4233
1688984776364,-225097,4233
1688984776365,-225097,4233
1688984776367,-225097,4233
1688984776370,-225097,4233
1688984776372,-225097,4233
1688984776374,-225097,4233
1688984776376,-225097,4233
1688984776378,-225097,4233
1688984776381,-225097,4233
1688984776383,-225097,4233
1688984776385,-225097,4233
1688984776387,-225097,4233
1688984776389,-225097,4233
1688984776392,-225097,4233
1688984776394,-225097,4233
1688984776400,-225097,4233
1688984776404,-225097,4233
1688984776406,-225097,4233
1688984776408,-225097,4233
1688984776411,-225097,4233
1688984776414,-225097,4233
1688984776416,-225097,4233
1688984776418,-225097,4233
1688984776422,-225097,4233
1688984776424,-225097,4233
1688984776427,-225097,4233
1688984776429,-225097,4233
1688984776431,-225097,4233
1688984776433,-225097,4233
1688984776435,-225097,4233
1688984776436,-225097,4233
1688984776439,-225097,4233
1688984776441,-225097,4233
1688984776443,-225097,4233
1688984776446,-225097,4233
1688984776448,-225097,4233
1688984776450,-225097,4233
1688984776453,-225097,4233
1688984776455,-225097,4233
1688984776457,-225097,4233
1688984776462,-225097,4233
1688984776464,-225097,4233
1688984776467,-225097,4233
1688984776470,-225097,4233
1688984776473,-225097,4233
1688984776475,-225097,4233
1688984776478,-225097,4233
1688984776481,-225097,4233
1688984776484,-225097,4233
1688984776487,-225097,4233
1688984776490,-225097,4233
1688984776493,-225097,4233
1688984776496,-225097,4233
1688984776499,-225097,4233
1688984776502,-225097,4233
1688984776505,-225097,4233
1688984776507,-225097,4233
1688984776510,-225097,4233
1688984776513,-225097,4233
1688984776516,-225097,4233
1688984776518,-225097,4233
1688984776522,-225097,4233
1688984776525,-225097,4233
1688984776528,-225097,4233
1688984776530,-225097,4233
1688984776533,-225097,4233
1688984776535,-225097,4233
1688984776538,-225097,4233
1688984776542,-225097,4233
1688984776545,-225097,4233
1688984776547,-225097,4233
1688984776550,-225097,4233
1688984776553,-225097,4233
1688984776556,-225097,4233
1688984776559,-225097,4233
1688984776562,-225097,4233
1688984776565,-225097,4233
1688984776568,-225097,4233
1688984776571,-225097,4233
1688984776573,-225097,4233
1688984776576,-225097,4233
1688984776581,-225097,4233
1688984776585,-225097,4233
1688984776588,-225097,4233
1688984776591,-225097,4233
1688984776593,-225097,4233
1688984776596,-225097,4233
1688984776600,-225097,4233
1688984776602,-225097,4233
1688984776605,-225097,4233
1688984776607,-225097,4233
1688984776610,-225097,4233
1688984776613,-225097,4233
1688984776615,-225097,4233
1688984776618,-225097,4233
1688984776622,-225097,4233
1688984776624,-225097,4233
1688984776627,-225097,4233
1688984776630,-225097,4233
1688984776632,-225097,4233
1688984776635,-225097,4233
1688984776637,-225097,4233
1688984776641,-225097,4233
1688984776643,-225097,4233
1688984776645,-225097,4233
1688984776647,-225097,4233
1688984776649,-225097,4233
1688984776651,-225097,4233
1688984776653,-225097,4233
1688984776655,-225097,4233
1688984776657,-225097,4233
1688984776663,-225097,4233
1688984776670,-225097,4233
1688984776673,-225097,4233
1688984776676,-225097,4233
1688984776680,-225097,4233
1688984776682,-225097,4233
1688984776684,-225097,4233
1688984776686,-225097,4233
1688984776687,-225097,4233
1688984776689,-225097,4233
1688984776690,-225097,4233
1688984776692,-225097,4233
1688984776693,-225097,4233
1688984776695,-225097,4233
1688984776696,-225097,4233
1688984776698,-225097,4233
1688984776700,-225097,4233
1688984776702,-225097,4233
1688984776704,-225097,4233
1688984776705,-225097,4233
1688984776707,-225097,4233
1688984776708,-225097,4233
1688984776710,-225097,4233
1688984776712,-225097,4233
1688984776714,-225097,4233
1688984776716,-225097,4233
1688984776717,-225097,4233
1688984776720,-225097,4233
1688984776723,-225097,4233
1688984776725,-225097,4233
1688984776726,-225097,4233
1688984776728,-225097,4233
1688984776730,-225097,4233
1688984776732,-225097,4233
1688984776733,-225097,4233
1688984776735,-225097,4233
1688984776738,-225097,4233
1688984776741,-225097,4233
1688984776744,-225097,4233
1688984776746,-225097,4233
1688984776748,-225097,4233
1688984776751,-225097,4233
1688984776753,-225097,4233
1688984776755,-225097,4233
1688984776757,-225097,4233
1688984776759,-225097,4233
1688984776761,-225097,4233
1688984776764,-225097,4233
1688984776766,-225097,4233
1688984776771,-225097,4233
1688984776774,-225097,4233
1688984776776,-225097,4233
1688984776778,-225097,4233
1688984776780,-225097,4233
1688984776782,-225097,4233
1688984776784,-225097,4233
1688984776786,-225097,4233
1688984776788,-225097,4233
1688984776790,-225097,4233
1688984776792,-225097,4233
1688984776794,-225097,4233
1688984776796,-225097,4233
1688984776798,-225097,4233
1688984776800,-225097,4233
1688984776802,-194335,4233
1688984776804,-194335,4233
1688984776806,-194335,4233
1688984776808,-194335,4233
1688984776810,-194335,4233
1688984776812,-194335,4233
1688984776814,-194335,4233
1688984776816,-194335,4233
1688984776820,-194335,4233
1688984776823,-194335,4233
1688984776825,-194335,4233
1688984776827,-194335,4233
1688984776829,-194335,4233
1688984776831,-194335,4233
1688984776833,-194335,4233
1688984776835,-194335,4233
1688984776837,-194335,4233
1688984776840,-194335,4233
1688984776842,-194335,4233
1688984776844,-194335,4233
1688984776846,-194335,4233
1688984776848,-194335,4233
1688984776851,-194335,4233
1688984776853,-194335,4233
1688984776855,-194335,4233
1688984776857,-194335,4233
1688984776860,-194335,4233
1688984776862,-194335,4233
1688984776864,-194335,4233
1688984776866,-194335,4233
1688984776868,-194335,4233
1688984776871,-194335,4233
1688984776873,-194335,4233
1688984776874,-194335,4233
1688984776876,-194335,4233
1688984776878,-194335,4233
1688984776881,-194335,4233
1688984776884,-194335,4233
1688984776886,-194335,4233
1688984776888,-194335,4233
1688984776890,-194335,4233
1688984776892,-194335,4233
1688984776894,-194335,4233
1688984776897,-194335,4233
1688984776899,-194335,4233
1688984776901,-194335,4233
1688984776903,-194335,4233
1688984776905,-194335,4233
1688984776907,-194335,4233
1688984776910,-194335,4233
1688984776912,-194335,4233
1688984776914,-194335,4233
1688984776916,-194335,4233
1688984776918,-194335,4233
1688984776920,-194335,4233
1688984776922,-194335,4233
1688984776924,-194335,4233
1688984776926,-194335,4233
1688984776928,-194335,4233
1688984776931,-194335,4233
1688984776933,-194335,4233
1688984776935,-194335,4233
1688984776937,-194335,4233
1688984776940,-194335,4233
1688984776942,-194335,4233
1688984776944,-194335,4233
1688984776947,-194335,4233
1688984776949,-194335,4233
1688984776951,-194335,4233
1688984776953,-194335,4233
1688984776955,-194335,4233
1688984776958,-194335,4233
1688984776960,-194335,4233
1688984776963,-194335,4233
1688984776965,-194335,4233
1688984776967,-194335,4233
1688984776971,-194335,4233
1688984776973,-194335,4233
1688984776976,-194335,4233
1688984776979,-194335,4233
1688984776982,-194335,4233
1688984776985,-194335,4233
1688984776988,-194335,4233
1688984776991,-194335,4233
1688984776994,-194335,4233
1688984776997,-194335,4233
1688984776999,-194335,4233
1688984777002,-194335,4233
1688984777006,-194335,4233
1688984777009,-194335,4233
1688984777012,-194335,4233
1688984777015,-194335,4233
1688984777019,-194335,4233
1688984777023,-194335,4233
1688984777026,-194335,4233
1688984777030,-194335,4233
1688984777033,-194335,4233
1688984777036,-194335,4233
1688984777038,-194335,4233
1688984777042,-194335,4233
1688984777045,-194335,4233
1688984777048,-194335,4233
1688984777051,-194335,4233
1688984777054,-194335,4233
1688984777057,-194335,4233
1688984777061,-194335,4233
1688984777064,-194335,4233
1688984777067,-194335,4233
1688984777070,-194335,4233
1688984777074,-194335,4233
1688984777077,-194335,4233
1688984777081,-194335,4233
1688984777084,-194335,4233
1688984777087,-194335,4233
1688984777090,-194335,4233
1688984777093,-194335,4233
1688984777095,-194335,4233
1688984777099,-194335,4233
1688984777102,-194335,4233
1688984777105,-194335,4233
1688984777108,-194335,4233
1688984777110,-194335,4233
1688984777113,-194335,4233
1688984777116,-194335,4233
1688984777119,-194335,4233
1688984777123,-194335,4233
1688984777126,-194335,4233
1688984777129,-194335,4233
1688984777132,-194335,4233
1688984777137,-194335,4233
1688984777141,-194335,4233
1688984777144,-194335,4233
1688984777147,-194335,4233
1688984777150,-194335,4233
1688984777153,-194335,4233
1688984777156,-194335,4233
1688984777159,-194335,4233
1688984777162,-194335,4233
1688984777165,-194335,4233
1688984777168,-194335,4233
1688984777171,-194335,4233
1688984777174,-194335,4233
1688984777178,-194335,4233
1688984777182,-194335,4233
1688984777185,-194335,4233
1688984777188,-194335,4233
1688984777190,-194335,4233
1688984777193,-194335,4233
1688984777195,-194335,4233
1688984777198,-194335,4233
1688984777201,-194335,4233
1688984777204,-194335,4233
1688984777207,-194335,4233
1688984777210,-194335,4233
1688984777213,-194335,4233
1688984777217,-194335,4233
1688984777221,-194335,4233
1688984777224,-194335,4233
1688984777227,-194335,4233
1688984777230,-194335,4233
1688984777233,-194335,4233
1688984777235,-194335,4233
1688984777238,-194335,4233
1688984777241,-194335,4233
1688984777244,-194335,4233
1688984777247,-194335,4233
1688984777249,-194335,4233
1688984777251,-194335,4233
1688984777254,-194335,4233
1688984777256,-194335,4233
1688984777258,-194335,4233
1688984777261,-194335,4233
1688984777263,-194335,4233
1688984777265,-194335,4233
1688984777268,-194335,4233
1688984777272,-194335,4233
1688984777275,-194335,4233
1688984777278,-194335,4233
1688984777281,-194335,4233
1688984777284,-194335,4233
1688984777287,-194335,4233
1688984777289,-194335,4233
1688984777292,-194335,4233
1688984777296,-194335,4233
1688984777299,-194335,4233
1688984777303,-194335,4233
1688984777306,-194335,4233
1688984777309,-194335,4233
1688984777312,-194335,4233
1688984777315,-194335,4233
1688984777318,-194335,4233
1688984777322,-194335,4233
1688984777324,-194335,4233
1688984777326,-194335,4233
1688984777328,-194335,4233
1688984777331,-194335,4233
1688984777334,-194335,4233
1688984777336,-194335,4233
1688984777339,-194335,4233
1688984777342,-194335,4233
1688984777344,-194335,4233
1688984777346,-194335,4233
1688984777348,-194335,4233
1688984777350,-194335,4233
1688984777352,-194335,4233
1688984777355,-194335,4233
1688984777357,-194335,4233
1688984777359,-194335,4233
1688984777361,-194335,4233
1688984777363,-194335,4233
1688984777365,-194335,4233
1688984777367,-194335,4233
1688984777369,-194335,4233
1688984777372,-194335,4233
1688984777374,-194335,4233
1688984777377,-194335,4233
1688984777379,-194335,4233
1688984777382,-194335,4233
1688984777384,-194335,4233
1688984777387,-194335,4233
1688984777389,-194335,4233
1688984777391,-194335,4233
1688984777393,-194335,4233
1688984777395,-194335,4233
1688984777398,-194335,4233
1688984777400,-194335,4233
1688984777402,-194335,4233
1688984777404,-194335,4233
1688984777406,-194335,4233
1688984777408,-194335,4233
1688984777410,-194335,4233
1688984777413,-194335,4233
1688984777415,-194335,4233
1688984777417,-194335,4233
1688984777420,-194335,4233
1688984777423,-194335,4233
1688984777425,-194335,4233
1688984777427,-194335,4233
1688984777429,-194335,4233
1688984777431,-194335,4233
1688984777433,-194335,4233
1688984777435,-194335,4233
1688984777437,-194335,4233
1688984777439,-194335,4233
1688984777442,-194335,4233
1688984777443,-194335,4233
1688984777446,-194335,4233
1688984777448,-194335,4233
1688984777450,-194335,4233
1688984777452,-194335,4233
1688984777454,-194335,4233
1688984777457,-194335,4233
1688984777459,-194335,4233
1688984777461,-194335,4233
1688984777463,-194335,4233
1688984777465,-194335,4233
1688984777467,-194335,4233
1688984777469,-194335,4233
1688984777471,-194335,4233
1688984777473,-194335,4233
1688984777475,-194335,4233
1688984777477,-194335,4233
1688984777479,-194335,4233
1688984777482,-194335,4233
1688984777484,-194335,4233
1688984777486,-194335,4233
1688984777488,-194335,4233
1688984777491,-194335,4233
1688984777494,-194335,4233
1688984777496,-194335,4233
1688984777498,-194335,4233
1688984777501,-194335,4233
1688984777503,-194335,4233
1688984777505,-194335,4233
1688984777507,-194335,4233
1688984777509,-194335,4233
1688984777511,-194335,4233
1688984777513,-194335,4233
1688984777515,-194335,4233
1688984777517,-194335,4233
1688984777520,-194335,4233
1688984777522,-194335,4233
1688984777524,-194335,4233
1688984777526,-194335,4233
1688984777528,-194335,4233
1688984777531,-194335,4233
1688984777533,-194335,4233
1688984777535,-194335,4233
1688984777537,-194335,4233
1688984777540,-194335,4233
1688984777543,-194335,4233
1688984777545,-194335,4233
1688984777547,-194335,4233
1688984777550,-194335,4233
1688984777552,-194335,4233
1688984777554,-194335,4233
1688984777556,-194335,4233
1688984777559,-194335,4233
1688984777561,-194335,4233
1688984777563,-194335,4233
1688984777565,-194335,4233
1688984777567,-194335,4233
1688984777570,-194335,4233
1688984777573,-194335,4233
1688984777577,-194335,4233
1688984777580,-194335,4233
1688984777583,-194335,4233
1688984777586,-194335,4233
1688984777588,-194335,4233
1688984777591,-194335,4233
1688984777593,-194335,4233
1688984777596,-194335,4233
1688984777598,-194335,4233
1688984777602,-194335,4233
1688984777606,-194335,4233
1688984777608,-194335,4233
1688984777612,-194335,4233
1688984777616,-194335,4233
1688984777619,-194335,4233
1688984777622,-194335,4233
1688984777625,-194335,4233
1688984777628,-194335,4233
1688984777631,-194335,4233
1688984777634,-194335,4233
1688984777637,-194335,4233
1688984777640,-194335,4233
1688984777643,-194335,4233
1688984777645,-194335,4233
1688984777648,-194335,4233
1688984777651,-194335,4233
1688984777654,-194335,4233
1688984777657,-194335,4233
1688984777661,-194335,4233
1688984777664,-194335,4233
1688984777667,-194335,4233
1688984777670,-194335,4233
1688984777673,-194335,4233
1688984777675,-194335,4233
1688984777677,-194335,4233
1688984777680,-194335,4233
1688984777683,-194335,4233
1688984777685,-194335,4233
1688984777688,-194335,4233
1688984777693,-194335,4233
1688984777696,-194335,4233
1688984777698,-194335,4233
1688984777702,-194335,4233
1688984777704,-194335,4233
1688984777707,-194335,4233
1688984777710,-194335,4233
1688984777713,-194335,4233
1688984777716,-194335,4233
1688984777718,-194335,4233
1688984777721,-194335,4233
1688984777724,-194335,4233
1688984777726,-194335,4233
1688984777729,-194335,4233
1688984777732,-194335,4233
1688984777735,-194335,4233
1688984777738,-194335,4233
1688984777742,-194335,4233
1688984777745,-194335,4233
1688984777748,-194335,4233
1688984777751,-194335,4233
1688984777754,-194335,4233
1688984777757,-194335,4233
1688984777760,-194335,4233
1688984777762,-194335,4233
1688984777765,-194335,4233
1688984777767,-194335,4233
1688984777774,-194335,4233
1688984777779,-194335,4233
1688984777783,-194335,4233
1688984777786,-194335,4233
1688984777788,-194335,4233
1688984777792,-194335,4233
1688984777794,-194335,4233
1688984777797,-194335,4233
1688984777800,-194335,4233
1688984777802,-194335,4233
1688984777805,-194335,4233
1688984777808,-194335,4233
1688984777813,-194335,4233
1688984777816,-194335,4233
1688984777819,-194335,4233
1688984777822,-194335,4233
1688984777825,-194335,4233
1688984777827,-194335,4233
1688984777830,-194335,4233
1688984777833,-194335,4233
1688984777835,-194335,4233
1688984777838,-194335,4233
1688984777841,-194335,4233
1688984777844,-194335,4233
1688984777847,-194335,4233
1688984777849,-194335,4233
1688984777853,-194335,4233
1688984777856,-194335,4233
1688984777859,-194335,4233
1688984777862,-194335,4233
1688984777865,-194335,4233
1688984777867,-194335,4233
1688984777869,-194335,4233
1688984777873,-194335,4233
1688984777875,-194335,4233
1688984777878,-194335,4233
1688984777881,-194335,4233
1688984777883,-194335,4233
1688984777886,-194335,4233
1688984777888,-194335,4233
1688984777892,-194335,4233
1688984777896,-194335,4233
1688984777899,-194335,4233
1688984777902,-194335,4233
1688984777905,-194335,4233
1688984777908,-194335,4233
1688984777911,-194335,4233
1688984777914,-194335,4233
1688984777917,-194335,4233
1688984777921,-194335,4233
1688984777924,-194335,4233
1688984777927,-194335,4233
1688984777930,-194335,4233
1688984777934,-194335,4233
1688984777938,-194335,4233
1688984777941,-194335,4233
1688984777945,-194335,4233
1688984777947,-194335,4233
1688984777950,-194335,4233
1688984777953,-194335,4233
1688984777957,-194335,4233
1688984777961,-194335,4233
1688984777964,-194335,4233
1688984777967,-194335,4233
1688984777971,-194335,4233
1688984777974,-194335,4233
1688984777977,-194335,4233
1688984777980,-194335,4233
1688984777983,-194335,4233
1688984777986,-194335,4233
1688984777990,-194335,4233
1688984777993,-194335,4233
1688984777995,-194335,4233
1688984777998,-194335,4233
1688984778001,-194335,4233
1688984778004,-194335,4233
1688984778007,-194335,4233
1688984778009,-194335,4233
1688984778014,-194335,4233
1688984778017,-194335,4233
1688984778021,-194335,4233
1688984778024,-194335,4233
1688984778027,-194335,4233
1688984778030,-194335,4233
1688984778033,-194335,4233
1688984778036,-194335,4233
1688984778038,-194335,4233
1688984778042,-194335,4233
1688984778045,-194335,4233
1688984778048,-194335,4233
1688984778052,-194335,4233
1688984778055,-194335,4233
1688984778058,-194335,4233
1688984778061,-194335,4233
1688984778063,-194335,4233
1688984778066,-194335,4233
1688984778069,-194335,4233
1688984778072,-194335,4233
1688984778075,-194335,4233
1688984778078,-194335,4233
1688984778081,-194335,4233
1688984778084,-194335,4233
1688984778087,-194335,4233
1688984778090,-194335,4233
1688984778093,-194335,4233
1688984778097,-194335,4233
1688984778100,-194335,4233
1688984778103,-194335,4233
1688984778106,-194335,4233
1688984778108,-194335,4233
1688984778112,-194335,4233
1688984778115,-194335,4233
1688984778117,-194335,4233
1688984778120,-194335,4233
1688984778123,-194335,4233
1688984778125,-194335,4233
1688984778129,-194335,4233
1688984778132,-194335,4233
1688984778136,-194335,4233
1688984778139,-194335,4233
1688984778142,-194335,4233
1688984778145,-194335,4233
1688984778148,-194335,4233
1688984778151,-194335,4233
1688984778154,-194335,4233
1688984778157,-194335,4233
1688984778159,-194335,4233
1688984778162,-194335,4233
1688984778165,-194335,4233
1688984778168,-194335,4233
1688984778173,-194335,4233
1688984778176,-194335,4233
1688984778179,-194335,4233
1688984778183,-194335,4233
1688984778186,-194335,4233
1688984778188,-194335,4233
1688984778192,-194335,4233
1688984778194,-194335,4233
1688984778197,-194335,4233
1688984778200,-194335,4233
1688984778203,-194335,4233
1688984778206,-194335,4233
1688984778210,-194335,4233
1688984778214,-194335,4233
1688984778217,-194335,4233
1688984778221,-194335,4233
1688984778224,-194335,4233
1688984778227,-194335,4233
1688984778231,-194335,4233
1688984778234,-194335,4233
1688984778237,-194335,4233
1688984778240,-194335,4233
1688984778243,-194335,4233
1688984778246,-194335,4233
1688984778248,-194335,4233
1688984778252,-194335,4233
1688984778255,-194335,4233
1688984778258,-194335,4233
1688984778261,-194335,4233
1688984778264,-194335,4233
1688984778266,-194335,4233
1688984778269,-194335,4233
1688984778272,-139648,4233
1688984778275,-139648,4233
1688984778278,-139648,4233
1688984778281,-139648,4233
1688984778284,-139648,4233
1688984778287,-139648,4233
1688984778290,-139648,4233
1688984778294,-139648,4233
1688984778297,-139648,4233
1688984778300,-139648,4233
1688984778303,-139648,4233
1688984778306,-139648,4233
1688984778308,-139648,4233
1688984778311,-139648,4233
1688984778314,-139648,4233
1688984778317,-139648,4233
1688984778320,-139648,4233
1688984778323,-139648,4233
1688984778326,-139648,4233
1688984778329,-139648,4233
1688984778333,-139648,4233
1688984778336,-139648,4233
1688984778339,-139648,4233
1688984778342,-139648,4233
1688984778356,-139648,4233
1688984778358,-139648,4233
1688984778361,-139648,4233
1688984778363,-139648,4233
1688984778366,-139648,4233
1688984778370,-139648,4233
1688984778374,-139648,4233
1688984778377,-139648,4233
1688984778381,-139648,4233
1688984778385,-139648,4233
1688984778395,-139648,4233
1688984778401,-139648,4233
1688984778404,-139648,4233
1688984778407,-139648,4233
1688984778410,-139648,4233
1688984778414,-139648,4233
1688984778418,-139648,4233
1688984778423,-139648,4233
1688984778425,-139648,4233
1688984778427,-139648,4233
1688984778430,-139648,4233
1688984778442,-139648,4233
1688984778445,-139648,4233
1688984778449,-139648,4233
1688984778452,-139648,4233
1688984778455,-139648,4233
1688984778457,-139648,4233
1688984778459,-139648,4233
1688984778462,-139648,4233
1688984778464,-139648,4233
1688984778466,-139648,4233
1688984778468,-139648,4233
1688984778470,-139648,4233
1688984778473,-139648,4233
1688984778475,-139648,4233
1688984778477,-139648,4233
1688984778479,-139648,4233
1688984778481,-139648,4233
1688984778483,-139648,4233
1688984778485,-139648,4233
1688984778487,-139648,4233
1688984778490,-139648,4233
1688984778491,-139648,4233
1688984778493,-139648,4233
1688984778495,-139648,4233
1688984778497,-139648,4233
1688984778500,-139648,4233
1688984778503,-139648,4233
1688984778506,-139648,4233
1688984778510,-139648,4233
1688984778513,-139648,4233
1688984778515,-139648,4233
1688984778517,-139648,4233
1688984778520,-139648,4233
1688984778522,-139648,4233
1688984778525,-139648,4233
1688984778527,-139648,4233
1688984778530,-139648,4233
1688984778533,-139648,4233
1688984778535,-139648,4233
1688984778537,-139648,4233
1688984778540,-139648,4233
1688984778542,-139648,4233
1688984778544,-139648,4233
1688984778546,-139648,4233
1688984778548,-139648,4233
1688984778551,-139648,4233
1688984778554,-139648,4233
1688984778556,-139648,4233
1688984778558,-139648,4233
1688984778561,-139648,4233
1688984778563,-139648,4233
1688984778565,-139648,4233
1688984778566,-139648,4233
1688984778567,-139648,4233
1688984778568,-139648,4233
1688984778570,-139648,4233
1688984778571,-139648,4233
1688984778572,-139648,4233
1688984778573,-139648,4233
1688984778574,-139648,4233
1688984778575,-139648,4233
1688984778577,-139648,4233
1688984778578,-139648,4233
1688984778578,-139648,4233
1688984778580,-139648,4233
1688984778581,-139648,4233
1688984778582,-139648,4233
1688984778583,-139648,4233
1688984778584,-139648,4233
1688984778585,-139648,4233
1688984778586,-139648,4233
1688984778588,-139648,4233
1688984778589,-139648,4233
1688984778591,-139648,4233
1688984778592,-139648,4233
1688984778593,-139648,4233
1688984778594,-139648,4233
1688984778595,-139648,4233
1688984778596,-139648,4233
1688984778596,-139648,4233
1688984778597,-139648,4233
1688984778598,-139648,4233
1688984778598,-139648,4233
1688984778600,-139648,4233
1688984778601,-139648,4233
1688984778603,-139648,4233
1688984778605,-139648,4233
1688984778607,-139648,4233
1688984778608,-139648,4233
1688984778610,-139648,4233
1688984778612,-139648,4233
1688984778613,-139648,4233
1688984778615,-139648,4233
1688984778616,-139648,4233
1688984778618,-139648,4233
1688984778621,-139648,4233
1688984778622,-139648,4233
1688984778624,-139648,4233
1688984778626,-139648,4233
1688984778627,-139648,4233
1688984778629,-139648,4233
1688984778631,-139648,4233
1688984778632,-139648,4233
1688984778634,-139648,4233
1688984778635,-139648,4233
1688984778637,-139648,4233
1688984778639,-139648,4233
1688984778642,-139648,4233
1688984778644,-139648,4233
1688984778646,-139648,4233
1688984778648,-139648,4233
1688984778652,-139648,4233
1688984778654,-139648,4233
1688984778657,-139648,4233
1688984778659,-139648,4233
1688984778661,-139648,4233
1688984778664,-139648,4233
1688984778666,-139648,4233
1688984778668,-139648,4233
1688984778670,-139648,4233
1688984778672,-139648,4233
1688984778674,-139648,4233
1688984778677,-139648,4233
1688984778680,-139648,4233
1688984778682,-139648,4233
1688984778684,-139648,4233
1688984778686,-139648,4233
1688984778689,-139648,4233
1688984778691,-139648,4233
1688984778693,-139648,4233
1688984778695,-139648,4233
1688984778697,-139648,4233
1688984778700,-139648,4233
1688984778702,-139648,4233
1688984778704,-139648,4233
1688984778706,-139648,4233
1688984778710,-139648,4233
1688984778713,-139648,4233
1688984778716,-139648,4233
1688984778720,-139648,4233
1688984778723,-139648,4233
1688984778725,-139648,4233
1688984778728,-139648,4233
1688984778731,-139648,4233
1688984778734,-139648,4233
1688984778737,-139648,4233
1688984778741,-139648,4233
1688984778744,-139648,4233
1688984778747,-139648,4233
1688984778750,-139648,4233
1688984778753,-139648,4233
1688984778755,-139648,4233
1688984778758,-139648,4233
1688984778761,-139648,4233
1688984778763,-139648,4233
1688984778767,-139648,4233
1688984778770,-139648,4233
1688984778773,-139648,4233
1688984778782,-139648,4233
1688984778786,-139648,4233
1688984778789,-139648,4233
1688984778792,-139648,4233
1688984778795,-139648,4233
1688984778797,-139648,4233
1688984778800,-139648,4233
1688984778802,-139648,4233
1688984778805,-139648,4233
1688984778808,-139648,4233
1688984778811,-139648,4233
1688984778814,-139648,4233
1688984778816,-139648,4233
1688984778818,-139648,4233
1688984778820,-139648,4233
1688984778823,-139648,4233
1688984778825,-139648,4233
1688984778826,-139648,4233
1688984778828,-139648,4233
1688984778833,-139648,4233
1688984778835,-139648,4233
1688984778838,-139648,4233
1688984778841,-139648,4233
1688984778843,-139648,4233
1688984778846,-139648,4233
1688984778850,-139648,4233
1688984778852,-139648,4233
1688984778855,-139648,4233
1688984778857,-139648,4233
1688984778861,-139648,4233
1688984778864,-139648,4233
1688984778866,-139648,4233
1688984778870,-139648,4233
1688984778872,-139648,4233
1688984778875,-139648,4233
1688984778878,-139648,4233
1688984778881,-139648,4233
1688984778885,-139648,4233
1688984778888,-139648,4233
1688984778891,-139648,4233
1688984778894,-139648,4233
1688984778897,-139648,4233
1688984778900,-139648,4233
1688984778902,-139648,4233
1688984778905,-139648,4233
1688984778907,-139648,4233
1688984778910,-139648,4233
1688984778913,-139648,4233
1688984778916,-139648,4233
1688984778918,-139648,4233
1688984778922,-139648,4233
1688984778925,-139648,4233
1688984778928,-139648,4233
1688984778931,-139648,4233
1688984778934,-139648,4233
1688984778937,-139648,4233
1688984778941,-139648,4233
1688984778944,-139648,4233
1688984778946,-139648,4233
1688984778950,-139648,4233
1688984778954,-139648,4233
1688984778956,-139648,4233
1688984778959,-139648,4233
1688984778962,-139648,4233
1688984778965,-139648,4233
1688984778968,-139648,4233
1688984778971,-139648,4233
1688984778974,-139648,4233
1688984778977,-139648,4233
1688984778981,-139648,4233
1688984778984,-139648,4233
1688984778987,-139648,4233
1688984778990,-139648,4233
1688984778993,-139648,4233
1688984778996,-139648,4233
1688984778998,-139648,4233
1688984779002,-139648,4233
1688984779006,-139648,4233
1688984779010,-139648,4233
1688984779013,-139648,4233
1688984779015,-139648,4233
1688984779018,-139648,4233
1688984779021,-139648,4233
1688984779025,-139648,4233
1688984779027,-139648,4233
1688984779031,-139648,4233
1688984779034,-139648,4233
1688984779036,-139648,4233
1688984779040,-139648,4233
1688984779042,-139648,4233
1688984779045,-139648,4233
1688984779047,-139648,4233
1688984779050,-139648,4233
1688984779053,-139648,4233
1688984779055,-139648,4233
1688984779058,-139648,4233
1688984779061,-139648,4233
1688984779064,-139648,4233
1688984779067,-139648,4233
1688984779070,-139648,4233
1688984779072,-139648,4233
1688984779076,-139648,4233
1688984779078,-139648,4233
1688984779080,-139648,4233
1688984779083,-139648,4233
1688984779085,-139648,4233
1688984779088,-139648,4233
1688984779091,-139648,4233
1688984779093,-139648,4233
1688984779095,-139648,4233
1688984779098,-139648,4233
1688984779101,-139648,4233
1688984779104,-139648,4233
1688984779106,-139648,4233
1688984779109,-139648,4233
1688984779111,-139648,4233
1688984779114,-139648,4233
1688984779116,-139648,4233
1688984779120,-139648,4233
1688984779123,-139648,4233
1688984779126,-139648,4233
1688984779130,-139648,4233
1688984779134,-139648,4233
1688984779137,-139648,4233
1688984779141,-139648,4233
1688984779144,-139648,4233
1688984779146,-139648,4233
1688984779149,-139648,4233
1688984779151,-139648,4233
1688984779154,-139648,4233
1688984779157,-139648,4233
1688984779160,-139648,4233
1688984779163,-139648,4233
1688984779166,-139648,4233
1688984779168,-139648,4233
1688984779171,-139648,4233
1688984779173,-139648,4233
1688984779175,-139648,4233
1688984779177,-139648,4233
1688984779181,-139648,4233
1688984779182,-139648,4233
1688984779184,-139648,4233
1688984779185,-139648,4233
1688984779186,-139648,4233
1688984779188,-139648,4233
1688984779190,-139648,4233
1688984779191,-139648,4233
1688984779193,-139648,4233
1688984779194,-139648,4233
1688984779196,-139648,4233
1688984779197,-139648,4233
1688984779198,-139648,4233
1688984779200,-139648,4233
1688984779202,-139648,4233
1688984779204,-139648,4233
1688984779206,-139648,4233
1688984779207,-139648,4233
1688984779209,-139648,4233
1688984779211,-139648,4233
1688984779212,-139648,4233
1688984779214,-139648,4233
1688984779215,-139648,4233
1688984779217,-139648,4233
1688984779218,-139648,4233
1688984779220,-139648,4233
1688984779222,-139648,4233
1688984779224,-139648,4233
1688984779226,-139648,4233
1688984779228,-139648,4233
1688984779230,-139648,4233
1688984779232,-139648,4233
1688984779234,-139648,4233
1688984779235,-139648,4233
1688984779237,-139648,4233
1688984779238,-139648,4233
1688984779242,-139648,4233
1688984779244,-139648,4233
1688984779246,-139648,4233
1688984779248,-139648,4233
1688984779250,-139648,4233
1688984779252,-139648,4233
1688984779254,-139648,4233
1688984779256,-139648,4233
1688984779257,-139648,4233
1688984779259,-139648,4233
1688984779261,-139648,4233
1688984779263,-139648,4233
1688984779265,-139648,4233
1688984779266,-139648,4233
1688984779268,-139648,4233
1688984779270,-139648,4233
1688984779272,-139648,4233
1688984779274,-139648,4233
1688984779275,-139648,4233
1688984779277,-139648,4233
1688984779279,-139648,4233
1688984779282,-139648,4233
1688984779284,-139648,4233
1688984779286,-139648,4233
1688984779288,-139648,4233
1688984779290,-139648,4233
1688984779291,-139648,4233
1688984779293,-139648,4233
1688984779295,-139648,4233
1688984779296,-139648,4233
1688984779298,-139648,4233
1688984779302,-139648,4233
1688984779305,-139648,4233
1688984779308,-139648,4233
1688984779312,-139648,4233
1688984779315,-139648,4233
1688984779317,-139648,4233
1688984779321,-139648,4233
1688984779325,-139648,4233
1688984779328,-139648,4233
1688984779331,-139648,4233
1688984779334,-139648,4233
1688984779337,-139648,4233
1688984779341,-139648,4233
1688984779344,-139648,4233
1688984779347,-139648,4233
1688984779350,-139648,4233
1688984779354,-139648,4233
1688984779357,-139648,4233
1688984779361,-139648,4233
1688984779364,-139648,4233
1688984779367,-139648,4233
1688984779371,-139648,4233
1688984779374,-139648,4233
1688984779377,-139648,4233
1688984779381,-139648,4233
1688984779384,-139648,4233
1688984779387,-139648,4233
1688984779390,-139648,4233
1688984779393,-139648,4233
1688984779396,-139648,4233
1688984779398,-139648,4233
1688984779403,-139648,4233
1688984779407,-139648,4233
1688984779409,-139648,4233
1688984779412,-139648,4233
1688984779415,-139648,4233
1688984779418,-139648,4233
1688984779421,-139648,4233
1688984779424,-139648,4233
1688984779427,-139648,4233
1688984779430,-139648,4233
1688984779433,-139648,4233
1688984779436,-139648,4233
1688984779438,-139648,4233
1688984779442,-139648,4233
1688984779445,-139648,4233
1688984779448,-139648,4233
1688984779452,-139648,4233
1688984779454,-139648,4233
1688984779457,-139648,4233
1688984779461,-139648,4233
1688984779464,-139648,4233
1688984779466,-139648,4233
1688984779468,-139648,4233
1688984779472,-139648,4233
1688984779475,-139648,4233
1688984779477,-139648,4233
1688984779480,-139648,4233
1688984779484,-139648,4233
1688984779487,-139648,4233
1688984779490,-139648,4233
1688984779493,-139648,4233
1688984779496,-139648,4233
1688984779498,-139648,4233
1688984779502,-139648,4233
1688984779504,-139648,4233
1688984779507,-139648,4233
1688984779510,-139648,4233
1688984779513,-139648,4233
1688984779515,-139648,4233
1688984779518,-139648,4233
1688984779522,-139648,4233
1688984779526,-139648,4233
1688984779528,-139648,4233
1688984779531,-139648,4233
1688984779534,-139648,4233
1688984779537,-139648,4233
1688984779540,-139648,4233
1688984779543,-139648,4233
1688984779545,-139648,4233
1688984779548,-139648,4233
1688984779551,-139648,4233
1688984779553,-139648,4233
1688984779555,-139648,4233
1688984779558,-139648,4233
1688984779562,-139648,4233
1688984779565,-139648,4233
1688984779568,-139648,4233
1688984779572,-139648,4233
1688984779574,-139648,4233
1688984779576,-139648,4233
1688984779578,-139648,4233
1688984779581,-139648,4233
1688984779584,-139648,4233
1688984779586,-139648,4233
1688984779589,-139648,4233
1688984779591,-139648,4233
1688984779593,-139648,4233
1688984779595,-139648,4233
1688984779597,-139648,4233
1688984779600,-139648,4233
1688984779602,-139648,4233
1688984779604,-139648,4233
1688984779607,-139648,4233
1688984779609,-139648,4233
1688984779612,-139648,4233
1688984779614,-139648,4233
1688984779616,-139648,4233
1688984779618,-139648,4233
1688984779621,-139648,4233
1688984779623,-139648,4233
1688984779625,-139648,4233
1688984779627,-139648,4233
1688984779629,-139648,4233
1688984779632,-139648,4233
1688984779634,-139648,4233
1688984779636,-139648,4233
1688984779638,-139648,4233
1688984779642,-139648,4233
1688984779645,-139648,4233
1688984779647,-139648,4233
1688984779650,-139648,4233
1688984779652,-139648,4233
1688984779654,-139648,4233
1688984779656,-139648,4233
1688984779658,-139648,4233
1688984779660,-139648,4233
1688984779663,-139648,4233
1688984779665,-139648,4233
1688984779667,-139648,4233
1688984779670,-139648,4233
1688984779672,-139648,4233
1688984779674,-139648,4233
1688984779676,-139648,4233
1688984779679,-139648,4233
1688984779681,-139648,4233
1688984779684,-139648,4233
1688984779685,-139648,4233
1688984779687,-139648,4233
1688984779689,-139648,4233
1688984779692,-139648,4233
1688984779693,-139648,4233
1688984779695,-139648,4233
1688984779697,-139648,4233
1688984779700,-139648,4233
1688984779702,-139648,4233
1688984779704,-139648,4233
1688984779705,-139648,4233
1688984779707,-139648,4233
1688984779710,-139648,4233
1688984779712,-139648,4233
1688984779714,-139648,4233
1688984779716,-139648,4233
1688984779718,-139648,4233
1688984779721,-139648,4233
1688984779723,-139648,4233
1688984779725,-139648,4233
1688984779727,-139648,4233
1688984779730,-139648,4233
1688984779732,-139648,4233
1688984779734,-139648,4233
1688984779736,-139648,4233
1688984779738,-139648,4233
1688984779741,-217285,4233
1688984779743,-217285,4233
1688984779745,-217285,4233
1688984779747,-217285,4233
1688984779748,-217285,4233
1688984779750,-217285,4233
1688984779753,-217285,4233
1688984779754,-217285,4233
1688984779756,-217285,4233
1688984779760,-217285,4233
1688984779762,-217285,4233
1688984779765,-217285,4233
1688984779767,-217285,4233
1688984779769,-217285,4233
1688984779771,-217285,4233
1688984779773,-217285,4233
1688984779775,-217285,4233
1688984779778,-217285,4233
1688984779781,-217285,4233
1688984779784,-217285,4233
1688984779786,-217285,4233
1688984779789,-217285,4233
1688984779791,-217285,4233
1688984779793,-217285,4233
1688984779796,-217285,4233
1688984779798,-217285,4233
1688984779801,-217285,4233
1688984779803,-217285,4233
1688984779805,-217285,4233
1688984779808,-217285,4233
1688984779810,-217285,4233
1688984779812,-217285,4233
1688984779814,-217285,4233
1688984779817,-217285,4233
1688984779818,-217285,4233
1688984779822,-217285,4233
1688984779825,-217285,4233
1688984779828,-217285,4233
1688984779832,-217285,4233
1688984779834,-217285,4233
1688984779837,-217285,4233
1688984779841,-217285,4233
1688984779844,-217285,4233
1688984779847,-217285,4233
1688984779850,-217285,4233
1688984779854,-217285,4233
1688984779856,-217285,4233
1688984779859,-217285,4233
1688984779862,-217285,4233
1688984779865,-217285,4233
1688984779867,-217285,4233
1688984779870,-217285,4233
1688984779873,-217285,4233
1688984779876,-217285,4233
1688984779879,-217285,4233
1688984779883,-217285,4233
1688984779886,-217285,4233
1688984779889,-217285,4233
1688984779892,-217285,4233
1688984779895,-217285,4233
1688984779897,-217285,4233
1688984779901,-217285,4233
1688984779904,-217285,4233
1688984779906,-217285,4233
1688984779909,-217285,4233
1688984779913,-217285,4233
1688984779916,-217285,4233
1688984779920,-217285,4233
1688984779924,-217285,4233
1688984779927,-217285,4233
1688984779930,-217285,4233
1688984779933,-217285,4233
1688984779935,-217285,4233
1688984779938,-217285,4233
1688984779941,-217285,4233
1688984779944,-217285,4233
1688984779946,-217285,4233
1688984779949,-217285,4233
1688984779952,-217285,4233
1688984779954,-217285,4233
1688984779957,-217285,4233
1688984779960,-217285,4233
1688984779964,-217285,4233
1688984779966,-217285,4233
1688984779969,-217285,4233
1688984779972,-217285,4233
1688984779975,-217285,4233
1688984779978,-217285,4233
1688984779981,-217285,4233
1688984779984,-217285,4233
1688984779987,-217285,4233
1688984779989,-217285,4233
1688984779992,-217285,4233
1688984779995,-217285,4233
1688984779997,-217285,4233
1688984780002,-217285,4233
1688984780006,-217285,4233
1688984780009,-217285,4233
1688984780012,-217285,4233
1688984780014,-217285,4233
1688984780017,-217285,4233
1688984780020,-217285,4233
1688984780023,-217285,4233
1688984780025,-217285,4233
1688984780028,-217285,4233
1688984780031,-217285,4233
1688984780033,-217285,4233
1688984780036,-217285,4233
1688984780040,-217285,4233
1688984780044,-217285,4233
1688984780046,-217285,4233
1688984780049,-217285,4233
1688984780052,-217285,4233
1688984780055,-217285,4233
1688984780058,-217285,4233
1688984780060,-217285,4233
1688984780063,-217285,4233
1688984780066,-217285,4233
1688984780069,-217285,4233
1688984780072,-217285,4233
1688984780074,-217285,4233
1688984780077,-217285,4233
1688984780081,-217285,4233
1688984780084,-217285,4233
1688984780087,-217285,4233
1688984780091,-217285,4233
1688984780094,-217285,4233
1688984780097,-217285,4233
1688984780100,-217285,4233
1688984780103,-217285,4233
1688984780105,-217285,4233
1688984780108,-217285,4233
1688984780111,-217285,4233
1688984780113,-217285,4233
1688984780116,-217285,4233
1688984780118,-217285,4233
1688984780123,-217285,4233
1688984780126,-217285,4233
1688984780128,-217285,4233
1688984780132,-217285,4233
1688984780135,-217285,4233
1688984780138,-217285,4233
1688984780141,-217285,4233
1688984780144,-217285,4233
1688984780147,-217285,4233
1688984780150,-217285,4233
1688984780153,-217285,4233
1688984780156,-217285,4233
1688984780160,-217285,4233
1688984780163,-217285,4233
1688984780166,-217285,4233
1688984780168,-217285,4233
1688984780171,-217285,4233
1688984780174,-217285,4233
1688984780176,-217285,4233
1688984780179,-217285,4233
1688984780182,-217285,4233
1688984780185,-217285,4233
1688984780187,-217285,4233
1688984780190,-217285,4233
1688984780193,-217285,4233
1688984780195,-217285,4233
1688984780198,-217285,4233
1688984780204,-217285,4233
1688984780207,-217285,4233
1688984780210,-217285,4233
1688984780213,-217285,4233
1688984780216,-217285,4233
1688984780218,-217285,4233
1688984780222,-217285,4233
1688984780224,-217285,4233
1688984780227,-217285,4233
1688984780230,-217285,4233
1688984780233,-217285,4233
1688984780236,-217285,4233
1688984780241,-217285,4233
1688984780244,-217285,4233
1688984780247,-217285,4233
1688984780250,-217285,4233
1688984780253,-217285,4233
1688984780255,-217285,4233
1688984780257,-217285,4233
1688984780260,-217285,4233
1688984780263,-217285,4233
1688984780265,-217285,4233
1688984780268,-217285,4233
1688984780271,-217285,4233
1688984780274,-217285,4233
1688984780277,-217285,4233
1688984780280,-217285,4233
1688984780283,-217285,4233
1688984780286,-217285,4233
1688984780288,-217285,4233
1688984780291,-217285,4233
1688984780294,-217285,4233
1688984780297,-217285,4233
1688984780301,-217285,4233
1688984780305,-217285,4233
1688984780309,-217285,4233
1688984780313,-217285,4233
1688984780316,-217285,4233
1688984780320,-217285,4233
1688984780324,-217285,4233
1688984780327,-217285,4233
1688984780332,-217285,4233
1688984780337,-217285,4233
1688984780339,-217285,4233
1688984780342,-217285,4233
1688984780344,-217285,4233
1688984780347,-217285,4233
1688984780350,-217285,4233
1688984780353,-217285,4233
1688984780356,-217285,4233
1688984780360,-217285,4233
1688984780364,-217285,4233
1688984780367,-217285,4233
1688984780369,-217285,4233
1688984780372,-217285,4233
1688984780375,-217285,4233
1688984780377,-217285,4233
1688984780381,-217285,4233
1688984780384,-217285,4233
1688984780387,-217285,4233
1688984780391,-217285,4233
1688984780394,-217285,4233
1688984780397,-217285,4233
1688984780401,-217285,4233
1688984780405,-217285,4233
1688984780412,-217285,4233
1688984780415,-217285,4233
1688984780418,-217285,4233
1688984780423,-217285,4233
1688984780426,-217285,4233
1688984780428,-217285,4233
1688984780432,-217285,4233
1688984780435,-217285,4233
1688984780439,-217285,4233
1688984780442,-217285,4233
1688984780445,-217285,4233
1688984780448,-217285,4233
1688984780452,-217285,4233
1688984780455,-217285,4233
1688984780458,-217285,4233
1688984780462,-217285,4233
1688984780464,-217285,4233
1688984780467,-217285,4233
1688984780470,-217285,4233
1688984780473,-217285,4233
1688984780475,-217285,4233
1688984780479,-217285,4233
1688984780482,-217285,4233
1688984780486,-217285,4233
1688984780489,-217285,4233
1688984780492,-217285,4233
1688984780495,-217285,4233
1688984780498,-217285,4233
1688984780501,-217285,4233
1688984780504,-217285,4233
1688984780507,-217285,4233
1688984780510,-217285,4233
1688984780514,-217285,4233
1688984780517,-217285,4233
1688984780521,-217285,4233
1688984780524,-217285,4233
1688984780527,-217285,4233
1688984780530,-217285,4233
1688984780533,-217285,4233
1688984780535,-217285,4233
1688984780537,-217285,4233
1688984780542,-217285,4233
1688984780545,-217285,4233
1688984780547,-217285,4233
1688984780550,-217285,4233
1688984780553,-217285,4233
1688984780556,-217285,4233
1688984780559,-217285,4233
1688984780562,-217285,4233
1688984780565,-217285,4233
1688984780567,-217285,4233
1688984780571,-217285,4233
1688984780574,-217285,4233
1688984780577,-217285,4233
1688984780580,-217285,4233
1688984780583,-217285,4233
1688984780585,-217285,4233
1688984780588,-217285,4233
1688984780591,-217285,4233
1688984780593,-217285,4233
1688984780596,-217285,4233
1688984780600,-217285,4233
1688984780604,-217285,4233
1688984780607,-217285,4233
1688984780610,-217285,4233
1688984780613,-217285,4233
1688984780615,-217285,4233
1688984780618,-217285,4233
1688984780621,-217285,4233
1688984780624,-217285,4233
1688984780626,-217285,4233
1688984780628,-217285,4233
1688984780631,-217285,4233
1688984780634,-217285,4233
1688984780637,-217285,4233
1688984780641,-217285,4233
1688984780644,-217285,4233
1688984780646,-217285,4233
1688984780649,-217285,4233
1688984780653,-217285,4233
1688984780655,-217285,4233
1688984780658,-217285,4233
1688984780662,-217285,4233
1688984780665,-217285,4233
1688984780668,-217285,4233
1688984780671,-217285,4233
1688984780674,-217285,4233
1688984780677,-217285,4233
1688984780680,-217285,4233
1688984780684,-217285,4233
1688984780686,-217285,4233
1688984780689,-217285,4233
1688984780693,-217285,4233
1688984780696,-217285,4233
1688984780698,-217285,4233
1688984780701,-217285,4233
1688984780704,-217285,4233
1688984780706,-217285,4233
1688984780708,-217285,4233
1688984780712,-217285,4233
1688984780714,-217285,4233
1688984780717,-217285,4233
1688984780720,-217285,4233
1688984780722,-217285,4233
1688984780725,-217285,4233
1688984780727,-217285,4233
1688984780729,-217285,4233
1688984780731,-217285,4233
1688984780734,-217285,4233
1688984780736,-217285,4233
1688984780738,-217285,4233
1688984780740,-217285,4233
1688984780742,-217285,4233
1688984780744,-217285,4233
1688984780746,-217285,4233
1688984780748,-217285,4233
1688984780751,-217285,4233
1688984780754,-217285,4233
1688984780756,-217285,4233
1688984780758,-217285,4233
1688984780761,-217285,4233
1688984780763,-217285,4233
1688984780765,-217285,4233
1688984780767,-217285,4233
1688984780769,-217285,4233
1688984780771,-217285,4233
1688984780773,-217285,4233
1688984780775,-217285,4233
1688984780777,-217285,4233
1688984780780,-217285,4233
1688984780782,-217285,4233
1688984780788,-217285,4233
1688984780791,-217285,4233
1688984780794,-217285,4233
1688984780796,-217285,4233
1688984780798,-217285,4233
1688984780802,-217285,4233
1688984780804,-217285,4233
1688984780805,-217285,4233
1688984780807,-217285,4233
1688984780809,-217285,4233
1688984780812,-217285,4233
1688984780814,-217285,4233
1688984780816,-217285,4233
1688984780817,-217285,4233
1688984780820,-217285,4233
1688984780821,-217285,4233
1688984780823,-217285,4233
1688984780824,-217285,4233
1688984780826,-217285,4233
1688984780827,-217285,4233
1688984780828,-217285,4233
1688984780830,-217285,4233
1688984780832,-217285,4233
1688984780833,-217285,4233
1688984780835,-217285,4233
1688984780836,-217285,4233
1688984780837,-217285,4233
1688984780839,-217285,4233
1688984780841,-217285,4233
1688984780843,-217285,4233
1688984780844,-217285,4233
1688984780846,-217285,4233
1688984780847,-217285,4233
1688984780849,-217285,4233
1688984780851,-217285,4233
1688984780853,-217285,4233
1688984780854,-217285,4233
1688984780856,-217285,4233
1688984780857,-217285,4233
1688984780858,-217285,4233
1688984780861,-217285,4233
1688984780863,-217285,4233
1688984780865,-217285,4233
1688984780867,-217285,4233
1688984780869,-217285,4233
1688984780872,-217285,4233
1688984780875,-217285,4233
1688984780877,-217285,4233
1688984780879,-217285,4233
1688984780881,-217285,4233
1688984780884,-217285,4233
1688984780886,-217285,4233
1688984780888,-217285,4233
1688984780890,-217285,4233
1688984780892,-217285,4233
1688984780894,-217285,4233
1688984780896,-217285,4233
1688984780899,-217285,4233
1688984780901,-217285,4233
1688984780903,-217285,4233
1688984780905,-217285,4233
1688984780907,-217285,4233
1688984780910,-217285,4233
1688984780912,-217285,4233
1688984780914,-217285,4233
1688984780917,-217285,4233
1688984780919,-217285,4233
1688984780921,-217285,4233
1688984780923,-217285,4233
1688984780925,-217285,4233
1688984780927,-217285,4233
1688984780930,-217285,4233
1688984780932,-217285,4233
1688984780934,-217285,4233
1688984780936,-217285,4233
1688984780938,-217285,4233
1688984780940,-217285,4233
1688984780942,-217285,4233
1688984780944,-217285,4233
1688984780947,-217285,4233
1688984780950,-217285,4233
1688984780952,-217285,4233
1688984780956,-217285,4233
1688984780958,-217285,4233
1688984780962,-217285,4233
1688984780965,-217285,4233
1688984780967,-217285,4233
1688984780971,-217285,4233
1688984780974,-217285,4233
1688984780977,-217285,4233
1688984780981,-217285,4233
1688984780985,-217285,4233
1688984780988,-217285,4233
1688984780992,-217285,4233
1688984780997,-217285,4233
1688984781000,-217285,4233
1688984781003,-217285,4233
1688984781005,-217285,4233
1688984781008,-217285,4233
1688984781010,-217285,4233
1688984781012,-217285,4233
1688984781013,-217285,4233
1688984781015,-217285,4233
1688984781017,-217285,4233
1688984781018,-217285,4233
1688984781021,-217285,4233
1688984781024,-217285,4233
1688984781027,-217285,4233
1688984781030,-217285,4233
1688984781032,-217285,4233
1688984781035,-217285,4233
1688984781038,-217285,4233
1688984781041,-217285,4233
1688984781044,-217285,4233
1688984781047,-217285,4233
1688984781050,-217285,4233
1688984781054,-217285,4233
1688984781056,-217285,4233
1688984781060,-217285,4233
1688984781062,-217285,4233
1688984781065,-217285,4233
1688984781067,-217285,4233
1688984781070,-217285,4233
1688984781074,-217285,4233
1688984781077,-217285,4233
1688984781082,-217285,4233
1688984781084,-217285,4233
1688984781087,-217285,4233
1688984781090,-217285,4233
1688984781093,-217285,4233
1688984781095,-217285,4233
1688984781098,-217285,4233
1688984781101,-217285,4233
1688984781104,-217285,4233
1688984781106,-217285,4233
1688984781109,-217285,4233
1688984781114,-217285,4233
1688984781117,-217285,4233
1688984781120,-217285,4233
1688984781123,-217285,4233
1688984781126,-217285,4233
1688984781129,-217285,4233
1688984781132,-217285,4233
1688984781134,-217285,4233
1688984781137,-217285,4233
1688984781141,-217285,4233
1688984781144,-217285,4233
1688984781146,-217285,4233
1688984781149,-217285,4233
1688984781152,-217285,4233
1688984781155,-217285,4233
1688984781158,-217285,4233
1688984781161,-217285,4233
1688984781164,-217285,4233
1688984781167,-217285,4233
1688984781171,-217285,4233
1688984781173,-217285,4233
1688984781176,-217285,4233
1688984781179,-217285,4233
1688984781182,-217285,4233
1688984781184,-217285,4233
1688984781186,-217285,4233
1688984781189,-217285,4233
1688984781194,-217285,4233
1688984781197,-217285,4233
1688984781200,-217285,4233
1688984781203,-217285,4233
1688984781206,-217285,4233
1688984781208,-217285,4233
1688984781211,-140624,4233
1688984781214,-140624,4233
1688984781217,-140624,4233
1688984781221,-140624,4233
1688984781224,-140624,4233
1688984781226,-140624,4233
1688984781229,-140624,4233
1688984781232,-140624,4233
1688984781235,-140624,4233
1688984781238,-140624,4233
1688984781241,-140624,4233
1688984781244,-140624,4233
1688984781247,-140624,4233
1688984781250,-140624,4233
1688984781253,-140624,4233
1688984781255,-140624,4233
1688984781258,-140624,4233
1688984781262,-140624,4233
1688984781264,-140624,4233
1688984781267,-140624,4233
1688984781270,-140624,4233
1688984781274,-140624,4233
1688984781277,-140624,4233
1688984781280,-140624,4233
1688984781283,-140624,4233
1688984781286,-140624,4233
1688984781289,-140624,4233
1688984781292,-140624,4233
1688984781294,-140624,4233
1688984781297,-140624,4233
1688984781300,-140624,4233
1688984781303,-140624,4233
1688984781305,-140624,4233
1688984781308,-140624,4233
1688984781311,-140624,4233
1688984781314,-140624,4233
1688984781317,-140624,4233
1688984781320,-140624,4233
1688984781322,-140624,4233
1688984781325,-140624,4233
1688984781327,-140624,4233
1688984781330,-140624,4233
1688984781333,-140624,4233
1688984781336,-140624,4233
1688984781339,-140624,4233
1688984781342,-140624,4233
1688984781345,-140624,4233
1688984781347,-140624,4233
1688984781351,-140624,4233
1688984781354,-140624,4233
1688984781357,-140624,4233
1688984781360,-140624,4233
1688984781363,-140624,4233
1688984781366,-140624,4233
1688984781369,-140624,4233
1688984781372,-140624,4233
1688984781375,-140624,4233
1688984781377,-140624,4233
1688984781380,-140624,4233
1688984781383,-140624,4233
1688984781385,-140624,4233
1688984781388,-140624,4233
1688984781393,-140624,4233
1688984781397,-140624,4233
1688984781400,-140624,4233
1688984781403,-140624,4233
1688984781406,-140624,4233
1688984781408,-140624,4233
1688984781411,-140624,4233
1688984781414,-140624,4233
1688984781417,-140624,4233
1688984781420,-140624,4233
1688984781423,-140624,4233
1688984781426,-140624,4233
1688984781430,-140624,4233
1688984781433,-140624,4233
1688984781436,-140624,4233
1688984781438,-140624,4233
1688984781442,-140624,4233
1688984781445,-140624,4233
1688984781448,-140624,4233
1688984781461,-140624,4233
1688984781465,-140624,4233
1688984781467,-140624,4233
1688984781470,-140624,4233
1688984781474,-140624,4233
1688984781477,-140624,4233
1688984781481,-140624,4233
1688984781485,-140624,4233
1688984781489,-140624,4233
1688984781493,-140624,4233
1688984781500,-140624,4233
1688984781504,-140624,4233
1688984781506,-140624,4233
1688984781508,-140624,4233
1688984781510,-140624,4233
1688984781512,-140624,4233
1688984781520,-140624,4233
1688984781531,-140624,4233
1688984781533,-140624,4233
1688984781535,-140624,4233
1688984781536,-140624,4233
1688984781538,-140624,4233
1688984781539,-140624,4233
1688984781541,-140624,4233
1688984781543,-140624,4233
1688984781545,-140624,4233
1688984781546,-140624,4233
1688984781548,-140624,4233
1688984781550,-140624,4233
1688984781551,-140624,4233
1688984781553,-140624,4233
1688984781555,-140624,4233
1688984781556,-140624,4233
1688984781558,-140624,4233
1688984781560,-140624,4233
1688984781563,-140624,4233
1688984781566,-140624,4233
1688984781568,-140624,4233
1688984781571,-140624,4233
1688984781574,-140624,4233
1688984781577,-140624,4233
1688984781579,-140624,4233
1688984781582,-140624,4233
1688984781585,-140624,4233
1688984781587,-140624,4233
1688984781590,-140624,4233
1688984781593,-140624,4233
1688984781596,-140624,4233
1688984781599,-140624,4233
1688984781602,-140624,4233
1688984781605,-140624,4233
1688984781608,-140624,4233
1688984781611,-140624,4233
1688984781614,-140624,4233
1688984781618,-140624,4233
1688984781621,-140624,4233
1688984781624,-140624,4233
1688984781627,-140624,4233
1688984781632,-140624,4233
1688984781635,-140624,4233
1688984781638,-140624,4233
1688984781641,-140624,4233
1688984781644,-140624,4233
1688984781646,-140624,4233
1688984781648,-140624,4233
1688984781652,-140624,4233
1688984781655,-140624,4233
1688984781658,-140624,4233
1688984781661,-140624,4233
1688984781664,-140624,4233
1688984781667,-140624,4233
1688984781672,-140624,4233
1688984781676,-140624,4233
1688984781680,-140624,4233
1688984781683,-140624,4233
1688984781686,-140624,4233
1688984781689,-140624,4233
1688984781691,-140624,4233
1688984781694,-140624,4233
1688984781697,-140624,4233
1688984781701,-140624,4233
1688984781704,-140624,4233
1688984781708,-140624,4233
1688984781712,-140624,4233
1688984781715,-140624,4233
1688984781718,-140624,4233
1688984781721,-140624,4233
1688984781724,-140624,4233
1688984781726,-140624,4233
1688984781728,-140624,4233
1688984781732,-140624,4233
1688984781735,-140624,4233
1688984781739,-140624,4233
1688984781742,-140624,4233
1688984781745,-140624,4233
1688984781748,-140624,4233
1688984781752,-140624,4233
1688984781756,-140624,4233
1688984781760,-140624,4233
1688984781762,-140624,4233
1688984781766,-140624,4233
1688984781768,-140624,4233
1688984781771,-140624,4233
1688984781774,-140624,4233
1688984781775,-140624,4233
1688984781777,-140624,4233
1688984781778,-140624,4233
1688984781781,-140624,4233
1688984781782,-140624,4233
1688984781784,-140624,4233
1688984781785,-140624,4233
1688984781786,-140624,4233
1688984781788,-140624,4233
1688984781790,-140624,4233
1688984781791,-140624,4233
1688984781792,-140624,4233
1688984781794,-140624,4233
1688984781795,-140624,4233
1688984781795,-140624,4233
1688984781796,-140624,4233
1688984781797,-140624,4233
1688984781798,-140624,4233
1688984781799,-140624,4233
1688984781800,-140624,4233
1688984781801,-140624,4233
1688984781802,-140624,4233
1688984781803,-140624,4233
1688984781804,-140624,4233
1688984781805,-140624,4233
1688984781806,-140624,4233
1688984781807,-140624,4233
1688984781808,-140624,4233
1688984781809,-140624,4233
1688984781809,-140624,4233
1688984781811,-140624,4233
1688984781812,-140624,4233
1688984781812,-140624,4233
1688984781813,-140624,4233
1688984781814,-140624,4233
1688984781814,-140624,4233
1688984781815,-140624,4233
1688984781816,-140624,4233
1688984781816,-140624,4233
1688984781817,-140624,4233
1688984781818,-140624,4233
1688984781818,-140624,4233
1688984781820,-140624,4233
1688984781821,-140624,4233
1688984781822,-140624,4233
1688984781823,-140624,4233
1688984781824,-140624,4233
1688984781826,-140624,4233
1688984781827,-140624,4233
1688984781828,-140624,4233
1688984781830,-140624,4233
1688984781833,-140624,4233
1688984781835,-140624,4233
1688984781838,-140624,4233
1688984781841,-140624,4233
1688984781843,-140624,4233
1688984781845,-140624,4233
1688984781848,-140624,4233
1688984781850,-140624,4233
1688984781853,-140624,4233
1688984781854,-140624,4233
1688984781857,-140624,4233
1688984781860,-140624,4233
1688984781861,-140624,4233
1688984781863,-140624,4233
1688984781865,-140624,4233
1688984781866,-140624,4233
1688984781867,-140624,4233
1688984781868,-140624,4233
1688984781869,-140624,4233
1688984781870,-140624,4233
1688984781870,-140624,4233
1688984781871,-140624,4233
1688984781871,-140624,4233
1688984781872,-140624,4233
1688984781873,-140624,4233
1688984781873,-140624,4233
1688984781874,-140624,4233
1688984781874,-140624,4233
1688984781875,-140624,4233
1688984781876,-140624,4233
1688984781876,-140624,4233
1688984781877,-140624,4233
1688984781877,-140624,4233
1688984781878,-140624,4233
1688984781878,-140624,4233
1688984781879,-140624,4233
1688984781880,-140624,4233
1688984781881,-140624,4233
1688984781882,-140624,4233
1688984781883,-140624,4233
1688984781884,-140624,4233
1688984781885,-140624,4233
1688984781886,-140624,4233
1688984781887,-140624,4233
1688984781887,-140624,4233
1688984781888,-140624,4233
1688984781889,-140624,4233
1688984781889,-140624,4233
1688984781890,-140624,4233
1688984781891,-140624,4233
1688984781892,-140624,4233
1688984781893,-140624,4233
1688984781894,-140624,4233
1688984781895,-140624,4233
1688984781895,-140624,4233
1688984781896,-140624,4233
1688984781897,-140624,4233
1688984781897,-140624,4233
1688984781898,-140624,4233
1688984781898,-140624,4233
1688984781900,-140624,4233
1688984781902,-140624,4233
1688984781904,-140624,4233
1688984781906,-140624,4233
1688984781909,-140624,4233
1688984781912,-140624,4233
1688984781914,-140624,4233
1688984781917,-140624,4233
1688984781921,-140624,4233
1688984781922,-140624,4233
1688984781924,-140624,4233
1688984781925,-140624,4233
1688984781927,-140624,4233
1688984781928,-140624,4233
1688984781930,-140624,4233
1688984781932,-140624,4233
1688984781933,-140624,4233
1688984781935,-140624,4233
1688984781936,-140624,4233
1688984781937,-140624,4233
1688984781938,-140624,4233
1688984781939,-140624,4233
1688984781941,-140624,4233
1688984781942,-140624,4233
1688984781944,-140624,4233
1688984781946,-140624,4233
1688984781947,-140624,4233
1688984781949,-140624,4233
1688984781953,-140624,4233
1688984781955,-140624,4233
1688984781957,-140624,4233
1688984781958,-140624,4233
1688984781960,-140624,4233
1688984781961,-140624,4233
1688984781962,-140624,4233
1688984781963,-140624,4233
1688984781964,-140624,4233
1688984781964,-140624,4233
1688984781965,-140624,4233
1688984781965,-140624,4233
1688984781966,-140624,4233
1688984781966,-140624,4233
1688984781967,-140624,4233
1688984781968,-140624,4233
1688984781968,-140624,4233
1688984781969,-140624,4233
1688984781970,-140624,4233
1688984781971,-140624,4233
1688984781971,-140624,4233
1688984781972,-140624,4233
1688984781972,-140624,4233
1688984781973,-140624,4233
1688984781974,-140624,4233
1688984781974,-140624,4233
1688984781975,-140624,4233
1688984781975,-140624,4233
1688984781976,-140624,4233
1688984781977,-140624,4233
1688984781977,-140624,4233
1688984781980,-140624,4233
1688984781982,-140624,4233
1688984781985,-140624,4233
1688984781987,-140624,4233
1688984781988,-140624,4233
1688984781990,-140624,4233
1688984781992,-140624,4233
1688984781993,-140624,4233
1688984781995,-140624,4233
1688984781996,-140624,4233
1688984781998,-140624,4233
1688984781999,-140624,4233
1688984782001,-140624,4233
1688984782002,-140624,4233
1688984782004,-140624,4233
1688984782005,-140624,4233
1688984782007,-140624,4233
1688984782008,-140624,4233
1688984782010,-140624,4233
1688984782011,-140624,4233
1688984782012,-140624,4233
1688984782013,-140624,4233
1688984782015,-140624,4233
1688984782016,-140624,4233
1688984782018,-140624,4233
1688984782019,-140624,4233
1688984782020,-140624,4233
1688984782022,-140624,4233
1688984782023,-140624,4233
1688984782024,-140624,4233
1688984782024,-140624,4233
1688984782025,-140624,4233
1688984782026,-140624,4233
1688984782027,-140624,4233
1688984782028,-140624,4233
1688984782029,-140624,4233
1688984782030,-140624,4233
1688984782031,-140624,4233
1688984782032,-140624,4233
1688984782033,-140624,4233
1688984782033,-140624,4233
1688984782034,-140624,4233
1688984782034,-140624,4233
1688984782035,-140624,4233
1688984782036,-140624,4233
1688984782036,-140624,4233
1688984782037,-140624,4233
1688984782037,-140624,4233
1688984782038,-140624,4233
1688984782039,-140624,4233
1688984782041,-140624,4233
1688984782043,-140624,4233
1688984782044,-140624,4233
1688984782046,-140624,4233
1688984782047,-140624,4233
1688984782049,-140624,4233
1688984782051,-140624,4233
1688984782053,-140624,4233
1688984782054,-140624,4233
1688984782055,-140624,4233
1688984782056,-140624,4233
1688984782057,-140624,4233
1688984782058,-140624,4233
1688984782060,-140624,4233
1688984782061,-140624,4233
1688984782062,-140624,4233
1688984782063,-140624,4233
1688984782064,-140624,4233
1688984782065,-140624,4233
1688984782066,-140624,4233
1688984782066,-140624,4233
1688984782067,-140624,4233
1688984782068,-140624,4233
1688984782068,-140624,4233
1688984782070,-140624,4233
1688984782071,-140624,4233
1688984782072,-140624,4233
1688984782073,-140624,4233
1688984782074,-140624,4233
1688984782075,-140624,4233
1688984782076,-140624,4233
1688984782077,-140624,4233
1688984782078,-140624,4233
1688984782079,-140624,4233
1688984782081,-140624,4233
1688984782082,-140624,4233
1688984782084,-140624,4233
1688984782086,-140624,4233
1688984782087,-140624,4233
1688984782089,-140624,4233
1688984782091,-140624,4233
1688984782092,-140624,4233
1688984782094,-140624,4233
1688984782095,-140624,4233
1688984782096,-140624,4233
1688984782098,-140624,4233
1688984782099,-140624,4233
1688984782101,-140624,4233
1688984782103,-140624,4233
1688984782104,-140624,4233
1688984782105,-140624,4233
1688984782107,-140624,4233
1688984782108,-140624,4233
1688984782109,-140624,4233
1688984782110,-140624,4233
1688984782111,-140624,4233
1688984782112,-140624,4233
1688984782113,-140624,4233
1688984782114,-140624,4233
1688984782115,-140624,4233
1688984782116,-140624,4233
1688984782117,-140624,4233
1688984782118,-140624,4233
1688984782120,-140624,4233
1688984782121,-140624,4233
1688984782121,-140624,4233
1688984782122,-140624,4233
1688984782122,-140624,4233
1688984782123,-140624,4233
1688984782124,-140624,4233
1688984782124,-140624,4233
1688984782125,-140624,4233
1688984782125,-140624,4233
1688984782126,-140624,4233
1688984782127,-140624,4233
1688984782127,-140624,4233
1688984782128,-140624,4233
1688984782128,-140624,4233
1688984782130,-140624,4233
1688984782131,-140624,4233
1688984782132,-140624,4233
1688984782133,-140624,4233
1688984782134,-140624,4233
1688984782135,-140624,4233
1688984782135,-140624,4233
1688984782136,-140624,4233
1688984782137,-140624,4233
1688984782137,-140624,4233
1688984782138,-140624,4233
1688984782139,-140624,4233
1688984782140,-140624,4233
1688984782142,-140624,4233
1688984782143,-140624,4233
1688984782145,-140624,4233
1688984782147,-140624,4233
1688984782148,-140624,4233
1688984782150,-140624,4233
1688984782152,-140624,4233
1688984782154,-140624,4233
1688984782157,-140624,4233
1688984782159,-140624,4233
1688984782163,-140624,4233
1688984782165,-140624,4233
1688984782167,-140624,4233
1688984782169,-140624,4233
1688984782171,-140624,4233
1688984782173,-140624,4233
1688984782175,-140624,4233
1688984782177,-140624,4233
1688984782178,-140624,4233
1688984782181,-140624,4233
1688984782182,-140624,4233
1688984782184,-140624,4233
1688984782186,-140624,4233
1688984782187,-140624,4233
1688984782188,-140624,4233
1688984782189,-140624,4233
1688984782191,-140624,4233
1688984782192,-140624,4233
1688984782193,-140624,4233
1688984782194,-140624,4233
1688984782196,-140624,4233
1688984782197,-140624,4233
1688984782198,-140624,4233
1688984782199,-140624,4233
1688984782200,-140624,4233
1688984782201,-140624,4233
1688984782247,-140624,4233
1688984782266,-140624,4233
1688984782273,-140624,4233
1688984782275,-140624,4233
1688984782277,-140624,4233
1688984782304,-140624,4233
1688984782310,-140624,4233
1688984782312,-140624,4233
1688984782313,-140624,4233
1688984782315,-140624,4233
1688984782316,-140624,4233
1688984782319,-140624,4233
1688984782321,-140624,4233
1688984782322,-140624,4233
1688984782323,-140624,4233
1688984782324,-140624,4233
1688984782325,-140624,4233
1688984782326,-140624,4233
1688984782326,-140624,4233
1688984782327,-140624,4233
1688984782327,-140624,4233
1688984782328,-140624,4233
1688984782330,-140624,4233
1688984782331,-140624,4233
1688984782333,-140624,4233
1688984782335,-140624,4233
1688984782338,-140624,4233
1688984782340,-140624,4233
1688984782341,-140624,4233
1688984782343,-140624,4233
1688984782345,-140624,4233
1688984782346,-140624,4233
1688984782347,-140624,4233
1688984782348,-140624,4233
1688984782350,-140624,4233
1688984782352,-140624,4233
1688984782354,-140624,4233
1688984782356,-140624,4233
1688984782357,-140624,4233
1688984782357,-140624,4233
1688984782358,-140624,4233
1688984782359,-140624,4233
1688984782360,-140624,4233
1688984782362,-140624,4233
1688984782363,-140624,4233
1688984782364,-140624,4233
1688984782365,-140624,4233
1688984782366,-140624,4233
1688984782368,-140624,4233
1688984782370,-140624,4233
1688984782373,-140624,4233
1688984782375,-140624,4233
1688984782377,-140624,4233
1688984782378,-140624,4233
1688984782380,-140624,4233
1688984782381,-140624,4233
1688984782383,-140624,4233
1688984782385,-140624,4233
1688984782386,-140624,4233
1688984782389,-140624,4233
1688984782391,-140624,4233
1688984782393,-140624,4233
1688984782394,-140624,4233
1688984782395,-140624,4233
1688984782396,-140624,4233
1688984782397,-140624,4233
1688984782398,-140624,4233
1688984782400,-140624,4233
1688984782402,-140624,4233
1688984782406,-140624,4233
1688984782408,-140624,4233
1688984782410,-140624,4233
1688984782412,-140624,4233
1688984782414,-140624,4233
1688984782415,-140624,4233
1688984782416,-140624,4233
1688984782417,-140624,4233
1688984782418,-140624,4233
1688984782421,-140624,4233
1688984782425,-140624,4233
1688984782427,-140624,4233
1688984782428,-140624,4233
1688984782430,-140624,4233
1688984782431,-140624,4233
1688984782432,-140624,4233
1688984782433,-140624,4233
1688984782434,-140624,4233
1688984782435,-140624,4233
1688984782436,-140624,4233
1688984782438,-140624,4233
1688984782443,-140624,4233
1688984782446,-140624,4233
1688984782448,-140624,4233
1688984782450,-140624,4233
1688984782451,-140624,4233
1688984782453,-140624,4233
1688984782455,-140624,4233
1688984782459,-140624,4233
1688984782463,-140624,4233
1688984782465,-140624,4233
1688984782467,-140624,4233
1688984782469,-140624,4233
1688984782471,-140624,4233
1688984782473,-140624,4233
1688984782476,-140624,4233
1688984782479,-140624,4233
1688984782481,-140624,4233
1688984782482,-140624,4233
1688984782483,-140624,4233
1688984782485,-140624,4233
1688984782486,-140624,4233
1688984782488,-140624,4233
1688984782491,-140624,4233
1688984782494,-140624,4233
1688984782497,-140624,4233
1688984782499,-140624,4233
1688984782501,-140624,4233
1688984782503,-140624,4233
1688984782505,-140624,4233
1688984782507,-140624,4233
1688984782513,-140624,4233
1688984782516,-140624,4233
1688984782519,-140624,4233
1688984782521,-140624,4233
1688984782523,-140624,4233
1688984782524,-140624,4233
1688984782526,-140624,4233
1688984782531,-140624,4233
1688984782534,-140624,4233
1688984782536,-140624,4233
1688984782538,-140624,4233
1688984782540,-140624,4233
1688984782542,-140624,4233
1688984782545,-140624,4233
1688984782548,-140624,4233
1688984782551,-140624,4233
1688984782553,-140624,4233
1688984782554,-140624,4233
1688984782556,-140624,4233
1688984782557,-140624,4233
1688984782559,-140624,4233
1688984782561,-140624,4233
1688984782565,-140624,4233
1688984782568,-140624,4233
1688984782571,-140624,4233
1688984782573,-140624,4233
1688984782575,-140624,4233
1688984782576,-140624,4233
1688984782579,-140624,4233
1688984782584,-140624,4233
1688984782586,-140624,4233
1688984782588,-140624,4233
1688984782590,-140624,4233
1688984782591,-140624,4233
1688984782593,-140624,4233
1688984782595,-140624,4233
1688984782596,-140624,4233
1688984782598,-140624,4233
1688984782600,-140624,4233
1688984782601,-140624,4233
1688984782603,-140624,4233
1688984782605,-140624,4233
1688984782607,-140624,4233
1688984782609,-140624,4233
1688984782610,-140624,4233
1688984782612,-140624,4233
1688984782613,-140624,4233
1688984782614,-140624,4233
1688984782616,-140624,4233
1688984782618,-140624,4233
1688984782619,-140624,4233
1688984782622,-140624,4233
1688984782625,-140624,4233
1688984782627,-140624,4233
1688984782629,-140624,4233
1688984782631,-140624,4233
1688984782633,-140624,4233
1688984782635,-140624,4233
1688984782637,-140624,4233
1688984782639,-140624,4233
1688984782642,-140624,4233
1688984782644,-140624,4233
1688984782646,-140624,4233
1688984782648,-140624,4233
1688984782651,-140624,4233
1688984782653,-140624,4233
1688984782656,-140624,4233
1688984782658,-140624,4233
1688984782661,-140624,4233
1688984782663,-140624,4233
1688984782666,-140624,4233
1688984782668,-140624,4233
1688984782670,-140624,4233
1688984782672,-140624,4233
1688984782674,-140624,4233
1688984782677,-140624,4233
1688984782680,-212402,4233
1688984782683,-212402,4233
1688984782685,-212402,4233
1688984782687,-212402,4233
1688984782689,-212402,4233
1688984782692,-212402,4233
1688984782694,-212402,4233
1688984782696,-212402,4233
1688984782698,-212402,4233
1688984782702,-212402,4233
1688984782705,-212402,4233
1688984782707,-212402,4233
1688984782710,-212402,4233
1688984782712,-212402,4233
1688984782714,-212402,4233
1688984782716,-212402,4233
1688984782718,-212402,4233
1688984782720,-212402,4233
1688984782722,-212402,4233
1688984782725,-212402,4233
1688984782727,-212402,4233
1688984782729,-212402,4233
1688984782732,-212402,4233
1688984782734,-212402,4233
1688984782736,-212402,4233
1688984782738,-212402,4233
1688984782740,-212402,4233
1688984782743,-212402,4233
1688984782745,-212402,4233
1688984782747,-212402,4233
1688984782749,-212402,4233
1688984782751,-212402,4233
1688984782754,-212402,4233
1688984782756,-212402,4233
1688984782758,-212402,4233
1688984782761,-212402,4233
1688984782763,-212402,4233
1688984782765,-212402,4233
1688984782767,-212402,4233
1688984782769,-212402,4233
1688984782772,-212402,4233
1688984782774,-212402,4233
1688984782776,-212402,4233
1688984782778,-212402,4233
1688984782781,-212402,4233
1688984782784,-212402,4233
1688984782786,-212402,4233
1688984782788,-212402,4233
1688984782791,-212402,4233
1688984782794,-212402,4233
1688984782800,-212402,4233
1688984782804,-212402,4233
1688984782806,-212402,4233
1688984782808,-212402,4233
1688984782811,-212402,4233
1688984782813,-212402,4233
1688984782814,-212402,4233
1688984782816,-212402,4233
1688984782818,-212402,4233
1688984782821,-212402,4233
1688984782824,-212402,4233
1688984782826,-212402,4233
1688984782828,-212402,4233
1688984782831,-212402,4233
1688984782833,-212402,4233
1688984782835,-212402,4233
1688984782837,-212402,4233
1688984782839,-212402,4233
1688984782842,-212402,4233
1688984782844,-212402,4233
1688984782846,-212402,4233
1688984782848,-212402,4233
1688984782850,-212402,4233
1688984782852,-212402,4233
1688984782854,-212402,4233
1688984782856,-212402,4233
1688984782858,-212402,4233
1688984782861,-212402,4233
1688984782863,-212402,4233
1688984782865,-212402,4233
1688984782867,-212402,4233
1688984782869,-212402,4233
1688984782871,-212402,4233
1688984782874,-212402,4233
1688984782876,-212402,4233
1688984782878,-212402,4233
1688984782881,-212402,4233
1688984782886,-212402,4233
1688984782890,-212402,4233
1688984782892,-212402,4233
1688984782895,-212402,4233
1688984782898,-212402,4233
1688984782902,-212402,4233
1688984782905,-212402,4233
1688984782908,-212402,4233
1688984782911,-212402,4233
1688984782913,-212402,4233
1688984782916,-212402,4233
1688984782918,-212402,4233
1688984782921,-212402,4233
1688984782924,-212402,4233
1688984782926,-212402,4233
1688984782930,-212402,4233
1688984782932,-212402,4233
1688984782935,-212402,4233
1688984782938,-212402,4233
1688984782942,-212402,4233
1688984782945,-212402,4233
1688984782948,-212402,4233
1688984782951,-212402,4233
1688984782954,-212402,4233
1688984782957,-212402,4233
1688984782960,-212402,4233
1688984782963,-212402,4233
1688984782966,-212402,4233
1688984782968,-212402,4233
1688984782973,-212402,4233
1688984782976,-212402,4233
1688984782978,-212402,4233
1688984782982,-212402,4233
1688984782985,-212402,4233
1688984782988,-212402,4233
1688984782991,-212402,4233
1688984782994,-212402,4233
1688984782997,-212402,4233
1688984783002,-212402,4233
1688984783004,-212402,4233
1688984783007,-212402,4233
1688984783011,-212402,4233
1688984783014,-212402,4233
1688984783016,-212402,4233
1688984783019,-212402,4233
1688984783023,-212402,4233
1688984783026,-212402,4233
1688984783030,-212402,4233
1688984783033,-212402,4233
1688984783036,-212402,4233
1688984783038,-212402,4233
1688984783042,-212402,4233
1688984783045,-212402,4233
1688984783048,-212402,4233
1688984783051,-212402,4233
1688984783053,-212402,4233
1688984783056,-212402,4233
1688984783059,-212402,4233
1688984783063,-212402,4233
1688984783067,-212402,4233
1688984783070,-212402,4233
1688984783073,-212402,4233
1688984783076,-212402,4233
1688984783079,-212402,4233
1688984783082,-212402,4233
1688984783085,-212402,4233
1688984783087,-212402,4233
1688984783091,-212402,4233
1688984783095,-212402,4233
1688984783098,-212402,4233
1688984783101,-212402,4233
1688984783105,-212402,4233
1688984783107,-212402,4233
1688984783110,-212402,4233
1688984783113,-212402,4233
1688984783116,-212402,4233
1688984783120,-212402,4233
1688984783122,-212402,4233
1688984783125,-212402,4233
1688984783128,-212402,4233
1688984783131,-212402,4233
1688984783134,-212402,4233
1688984783137,-212402,4233
1688984783140,-212402,4233
1688984783143,-212402,4233
1688984783146,-212402,4233
1688984783150,-212402,4233
1688984783154,-212402,4233
1688984783156,-212402,4233
1688984783159,-212402,4233
1688984783162,-212402,4233
1688984783165,-212402,4233
1688984783167,-212402,4233
1688984783168,-212402,4233
1688984783170,-212402,4233
1688984783173,-212402,4233
1688984783175,-212402,4233
1688984783176,-212402,4233
1688984783178,-212402,4233
1688984783181,-212402,4233
1688984783183,-212402,4233
1688984783184,-212402,4233
1688984783186,-212402,4233
1688984783187,-212402,4233
1688984783189,-212402,4233
1688984783191,-212402,4233
1688984783192,-212402,4233
1688984783194,-212402,4233
1688984783195,-212402,4233
1688984783197,-212402,4233
1688984783198,-212402,4233
1688984783200,-212402,4233
1688984783201,-212402,4233
1688984783203,-212402,4233
1688984783204,-212402,4233
1688984783206,-212402,4233
1688984783207,-212402,4233
1688984783210,-212402,4233
1688984783211,-212402,4233
1688984783213,-212402,4233
1688984783214,-212402,4233
1688984783215,-212402,4233
1688984783216,-212402,4233
1688984783218,-212402,4233
1688984783220,-212402,4233
1688984783222,-212402,4233
1688984783224,-212402,4233
1688984783225,-212402,4233
1688984783227,-212402,4233
1688984783229,-212402,4233
1688984783231,-212402,4233
1688984783233,-212402,4233
1688984783235,-212402,4233
1688984783237,-212402,4233
1688984783239,-212402,4233
1688984783241,-212402,4233
1688984783243,-212402,4233
1688984783245,-212402,4233
1688984783247,-212402,4233
1688984783249,-212402,4233
1688984783251,-212402,4233
1688984783253,-212402,4233
1688984783255,-212402,4233
1688984783257,-212402,4233
1688984783259,-212402,4233
1688984783263,-212402,4233
1688984783267,-212402,4233
1688984783271,-212402,4233
1688984783275,-212402,4233
1688984783281,-212402,4233
1688984783284,-212402,4233
1688984783286,-212402,4233
1688984783288,-212402,4233
1688984783290,-212402,4233
1688984783292,-212402,4233
1688984783294,-212402,4233
1688984783296,-212402,4233
1688984783298,-212402,4233
1688984783302,-212402,4233
1688984783305,-212402,4233
1688984783307,-212402,4233
1688984783308,-212402,4233
1688984783311,-212402,4233
1688984783313,-212402,4233
1688984783315,-212402,4233
1688984783317,-212402,4233
1688984783318,-212402,4233
1688984783321,-212402,4233
1688984783323,-212402,4233
1688984783324,-212402,4233
1688984783326,-212402,4233
1688984783327,-212402,4233
1688984783329,-212402,4233
1688984783330,-212402,4233
1688984783332,-212402,4233
1688984783333,-212402,4233
1688984783335,-212402,4233
1688984783336,-212402,4233
1688984783337,-212402,4233
1688984783339,-212402,4233
1688984783342,-212402,4233
1688984783343,-212402,4233
1688984783345,-212402,4233
1688984783346,-212402,4233
1688984783348,-212402,4233
1688984783350,-212402,4233
1688984783352,-212402,4233
1688984783353,-212402,4233
1688984783355,-212402,4233
1688984783357,-212402,4233
1688984783358,-212402,4233
1688984783360,-212402,4233
1688984783363,-212402,4233
1688984783365,-212402,4233
1688984783367,-212402,4233
1688984783370,-212402,4233
1688984783372,-212402,4233
1688984783374,-212402,4233
1688984783376,-212402,4233
1688984783378,-212402,4233
1688984783381,-212402,4233
1688984783383,-212402,4233
1688984783386,-212402,4233
1688984783388,-212402,4233
1688984783391,-212402,4233
1688984783393,-212402,4233
1688984783396,-212402,4233
1688984783398,-212402,4233
1688984783401,-212402,4233
1688984783403,-212402,4233
1688984783405,-212402,4233
1688984783408,-212402,4233
1688984783410,-212402,4233
1688984783412,-212402,4233
1688984783415,-212402,4233
1688984783417,-212402,4233
1688984783420,-212402,4233
1688984783423,-212402,4233
1688984783425,-212402,4233
1688984783427,-212402,4233
1688984783429,-212402,4233
1688984783432,-212402,4233
1688984783434,-212402,4233
1688984783436,-212402,4233
1688984783438,-212402,4233
1688984783441,-212402,4233
1688984783443,-212402,4233
1688984783445,-212402,4233
1688984783448,-212402,4233
1688984783450,-212402,4233
1688984783453,-212402,4233
1688984783454,-212402,4233
1688984783456,-212402,4233
1688984783458,-212402,4233
1688984783460,-212402,4233
1688984783462,-212402,4233
1688984783464,-212402,4233
1688984783466,-212402,4233
1688984783467,-212402,4233
1688984783469,-212402,4233
1688984783471,-212402,4233
1688984783473,-212402,4233
1688984783475,-212402,4233
1688984783478,-212402,4233
1688984783481,-212402,4233
1688984783483,-212402,4233
1688984783484,-212402,4233
1688984783486,-212402,4233
1688984783487,-212402,4233
1688984783489,-212402,4233
1688984783491,-212402,4233
1688984783492,-212402,4233
1688984783494,-212402,4233
1688984783495,-212402,4233
1688984783496,-212402,4233
1688984783498,-212402,4233
1688984783500,-212402,4233
1688984783502,-212402,4233
1688984783504,-212402,4233
1688984783506,-212402,4233
1688984783508,-212402,4233
1688984783509,-212402,4233
1688984783511,-212402,4233
1688984783512,-212402,4233
1688984783514,-212402,4233
1688984783516,-212402,4233
1688984783517,-212402,4233
1688984783519,-212402,4233
1688984783522,-212402,4233
1688984783524,-212402,4233
1688984783526,-212402,4233
1688984783528,-212402,4233
1688984783530,-212402,4233
1688984783532,-212402,4233
1688984783534,-212402,4233
1688984783536,-212402,4233
1688984783539,-212402,4233
1688984783542,-212402,4233
1688984783544,-212402,4233
1688984783546,-212402,4233
1688984783548,-212402,4233
1688984783551,-212402,4233
1688984783553,-212402,4233
1688984783556,-212402,4233
1688984783558,-212402,4233
1688984783560,-212402,4233
1688984783563,-212402,4233
1688984783565,-212402,4233
1688984783567,-212402,4233
1688984783569,-212402,4233
1688984783572,-212402,4233
1688984783574,-212402,4233
1688984783576,-212402,4233
1688984783579,-212402,4233
1688984783581,-212402,4233
1688984783583,-212402,4233
1688984783585,-212402,4233
1688984783587,-212402,4233
1688984783590,-212402,4233
1688984783592,-212402,4233
1688984783594,-212402,4233
1688984783597,-212402,4233
1688984783599,-212402,4233
1688984783601,-212402,4233
1688984783604,-212402,4233
1688984783606,-212402,4233
1688984783608,-212402,4233
1688984783610,-212402,4233
1688984783612,-212402,4233
1688984783614,-212402,4233
1688984783616,-212402,4233
1688984783618,-212402,4233
1688984783621,-212402,4233
1688984783623,-212402,4233
1688984783624,-212402,4233
1688984783626,-212402,4233
1688984783627,-212402,4233
1688984783628,-212402,4233
1688984783630,-212402,4233
1688984783631,-212402,4233
1688984783633,-212402,4233
1688984783634,-212402,4233
1688984783636,-212402,4233
1688984783637,-212402,4233
1688984783638,-212402,4233
1688984783640,-212402,4233
1688984783641,-212402,4233
1688984783643,-212402,4233
1688984783645,-212402,4233
1688984783646,-212402,4233
1688984783648,-212402,4233
1688984783650,-212402,4233
1688984783652,-212402,4233
1688984783653,-212402,4233
1688984783655,-212402,4233
1688984783657,-212402,4233
1688984783659,-212402,4233
1688984783662,-212402,4233
1688984783665,-212402,4233
1688984783668,-212402,4233
1688984783671,-212402,4233
1688984783674,-212402,4233
1688984783677,-212402,4233
1688984783681,-212402,4233
1688984783684,-212402,4233
1688984783686,-212402,4233
1688984783688,-212402,4233
1688984783692,-212402,4233
1688984783694,-212402,4233
1688984783697,-212402,4233
1688984783702,-212402,4233
1688984783705,-212402,4233
1688984783708,-212402,4233
1688984783710,-212402,4233
1688984783712,-212402,4233
1688984783715,-212402,4233
1688984783718,-212402,4233
1688984783721,-212402,4233
1688984783724,-212402,4233
1688984783726,-212402,4233
1688984783728,-212402,4233
1688984783731,-212402,4233
1688984783734,-212402,4233
1688984783737,-212402,4233
1688984783741,-212402,4233
1688984783744,-212402,4233
1688984783747,-212402,4233
1688984783750,-212402,4233
1688984783753,-212402,4233
1688984783756,-212402,4233
1688984783758,-212402,4233
1688984783762,-212402,4233
1688984783764,-212402,4233
1688984783767,-212402,4233
1688984783769,-212402,4233
1688984783772,-212402,4233
1688984783774,-212402,4233
1688984783778,-212402,4233
1688984783781,-212402,4233
1688984783784,-212402,4233
1688984783787,-212402,4233
1688984783790,-212402,4233
1688984783793,-212402,4233
1688984783796,-212402,4233
1688984783799,-212402,4233
1688984783802,-212402,4233
1688984783805,-212402,4233
1688984783807,-212402,4233
1688984783810,-212402,4233
1688984783813,-212402,4233
1688984783816,-212402,4233
1688984783821,-212402,4233
1688984783824,-212402,4233
1688984783826,-212402,4233
1688984783829,-212402,4233
1688984783832,-212402,4233
1688984783835,-212402,4233
1688984783837,-212402,4233
1688984783840,-212402,4233
1688984783843,-212402,4233
1688984783845,-212402,4233
1688984783848,-212402,4233
1688984783851,-212402,4233
1688984783854,-212402,4233
1688984783858,-212402,4233
1688984783862,-212402,4233
1688984783865,-212402,4233
1688984783868,-212402,4233
1688984783871,-212402,4233
1688984783874,-212402,4233
1688984783876,-212402,4233
1688984783880,-212402,4233
1688984783884,-212402,4233
1688984783887,-212402,4233
1688984783890,-212402,4233
1688984783893,-212402,4233
1688984783896,-212402,4233
1688984783899,-212402,4233
1688984783903,-212402,4233
1688984783905,-212402,4233
1688984783909,-212402,4233
1688984783911,-212402,4233
1688984783914,-212402,4233
1688984783917,-212402,4233
1688984783920,-212402,4233
1688984783923,-212402,4233
1688984783926,-212402,4233
1688984783929,-212402,4233
1688984783932,-212402,4233
1688984783935,-212402,4233
1688984783940,-212402,4233
1688984783943,-212402,4233
1688984783946,-212402,4233
1688984783949,-212402,4233
1688984783952,-212402,4233
1688984783955,-212402,4233
1688984783958,-212402,4233
1688984783962,-212402,4233
1688984783965,-212402,4233
1688984783968,-212402,4233
1688984783971,-212402,4233
1688984783973,-212402,4233
1688984783976,-212402,4233
1688984783980,-212402,4233
1688984783983,-212402,4233
1688984783986,-212402,4233
1688984783990,-212402,4233
1688984783993,-212402,4233
1688984783996,-212402,4233
1688984783999,-212402,4233
1688984784002,-212402,4233
1688984784004,-212402,4233
1688984784007,-212402,4233
1688984784011,-212402,4233
1688984784013,-212402,4233
1688984784016,-212402,4233
1688984784021,-212402,4233
1688984784024,-212402,4233
1688984784027,-212402,4233
1688984784030,-212402,4233
1688984784033,-212402,4233
1688984784035,-212402,4233
1688984784038,-212402,4233
1688984784041,-212402,4233
1688984784044,-212402,4233
1688984784047,-212402,4233
1688984784050,-212402,4233
1688984784054,-212402,4233
1688984784057,-212402,4233
1688984784060,-212402,4233
1688984784064,-212402,4233
1688984784067,-212402,4233
1688984784070,-212402,4233
1688984784073,-212402,4233
1688984784076,-212402,4233
1688984784079,-212402,4233
1688984784082,-212402,4233
1688984784085,-212402,4233
1688984784088,-212402,4233
1688984784091,-212402,4233
1688984784094,-212402,4233
1688984784097,-212402,4233
1688984784101,-212402,4233
1688984784104,-212402,4233
1688984784107,-212402,4233
1688984784111,-212402,4233
1688984784113,-212402,4233
1688984784115,-212402,4233
1688984784117,-212402,4233
1688984784119,-212402,4233
1688984784121,-212402,4233
1688984784123,-212402,4233
1688984784125,-212402,4233
1688984784126,-212402,4233
1688984784128,-212402,4233
1688984784130,-212402,4233
1688984784132,-212402,4233
1688984784134,-212402,4233
1688984784136,-212402,4233
1688984784138,-212402,4233
1688984784140,-212402,4233
1688984784142,-212402,4233
1688984784144,-212402,4233
1688984784146,-212402,4233
1688984784147,-212402,4233
1688984784149,-187988,4233
1688984784151,-187988,4233
1688984784152,-187988,4233
1688984784154,-187988,4233
1688984784156,-187988,4233
1688984784157,-187988,4233
1688984784159,-187988,4233
1688984784161,-187988,4233
1688984784163,-187988,4233
1688984784165,-187988,4233
1688984784167,-187988,4233
1688984784170,-187988,4233
1688984784172,-187988,4233
1688984784174,-187988,4233
1688984784175,-187988,4233
1688984784177,-187988,4233
1688984784179,-187988,4233
1688984784182,-187988,4233
1688984784184,-187988,4233
1688984784186,-187988,4233
1688984784188,-187988,4233
1688984784189,-187988,4233
1688984784191,-187988,4233
1688984784193,-187988,4233
1688984784195,-187988,4233
1688984784197,-187988,4233
1688984784198,-187988,4233
1688984784201,-187988,4233
1688984784203,-187988,4233
1688984784205,-187988,4233
1688984784207,-187988,4233
1688984784209,-187988,4233
1688984784211,-187988,4233
1688984784213,-187988,4233
1688984784216,-187988,4233
1688984784218,-187988,4233
1688984784220,-187988,4233
1688984784222,-187988,4233
1688984784223,-187988,4233
1688984784225,-187988,4233
1688984784227,-187988,4233
1688984784229,-187988,4233
1688984784232,-187988,4233
1688984784233,-187988,4233
1688984784235,-187988,4233
1688984784237,-187988,4233
1688984784239,-187988,4233
1688984784241,-187988,4233
1688984784243,-187988,4233
1688984784245,-187988,4233
1688984784246,-187988,4233
1688984784248,-187988,4233
1688984784250,-187988,4233
1688984784252,-187988,4233
1688984784255,-187988,4233
1688984784256,-187988,4233
1688984784258,-187988,4233
1688984784260,-187988,4233
1688984784263,-187988,4233
1688984784265,-187988,4233
1688984784267,-187988,4233
1688984784269,-187988,4233
1688984784271,-187988,4233
1688984784272,-187988,4233
1688984784274,-187988,4233
1688984784276,-187988,4233
1688984784278,-187988,4233
1688984784280,-187988,4233
1688984784282,-187988,4233
1688984784284,-187988,4233
1688984784286,-187988,4233
1688984784288,-187988,4233
1688984784291,-187988,4233
1688984784293,-187988,4233
1688984784295,-187988,4233
1688984784298,-187988,4233
1688984784300,-187988,4233
1688984784302,-187988,4233
1688984784304,-187988,4233
1688984784306,-187988,4233
1688984784308,-187988,4233
1688984784311,-187988,4233
1688984784313,-187988,4233
1688984784315,-187988,4233
1688984784317,-187988,4233
1688984784320,-187988,4233
1688984784322,-187988,4233
1688984784324,-187988,4233
1688984784326,-187988,4233
1688984784328,-187988,4233
1688984784330,-187988,4233
1688984784333,-187988,4233
1688984784335,-187988,4233
1688984784337,-187988,4233
1688984784340,-187988,4233
1688984784342,-187988,4233
1688984784344,-187988,4233
1688984784346,-187988,4233
1688984784348,-187988,4233
1688984784351,-187988,4233
1688984784353,-187988,4233
1688984784355,-187988,4233
1688984784358,-187988,4233
1688984784360,-187988,4233
1688984784362,-187988,4233
1688984784364,-187988,4233
1688984784366,-187988,4233
1688984784368,-187988,4233
1688984784371,-187988,4233
1688984784373,-187988,4233
1688984784376,-187988,4233
1688984784379,-187988,4233
1688984784381,-187988,4233
1688984784383,-187988,4233
1688984784385,-187988,4233
1688984784387,-187988,4233
1688984784390,-187988,4233
1688984784392,-187988,4233
1688984784394,-187988,4233
1688984784396,-187988,4233
1688984784398,-187988,4233
1688984784400,-187988,4233
1688984784402,-187988,4233
1688984784404,-187988,4233
1688984784406,-187988,4233
1688984784408,-187988,4233
1688984784411,-187988,4233
1688984784414,-187988,4233
1688984784416,-187988,4233
1688984784419,-187988,4233
1688984784421,-187988,4233
1688984784423,-187988,4233
1688984784425,-187988,4233
1688984784427,-187988,4233
1688984784429,-187988,4233
1688984784432,-187988,4233
1688984784434,-187988,4233
1688984784435,-187988,4233
1688984784437,-187988,4233
1688984784439,-187988,4233
1688984784441,-187988,4233
1688984784444,-187988,4233
1688984784445,-187988,4233
1688984784447,-187988,4233
1688984784449,-187988,4233
1688984784451,-187988,4233
1688984784453,-187988,4233
1688984784455,-187988,4233
1688984784457,-187988,4233
1688984784459,-187988,4233
1688984784461,-187988,4233
1688984784463,-187988,4233
1688984784465,-187988,4233
1688984784467,-187988,4233
1688984784469,-187988,4233
1688984784472,-187988,4233
1688984784474,-187988,4233
1688984784476,-187988,4233
1688984784478,-187988,4233
1688984784481,-187988,4233
1688984784483,-187988,4233
1688984784485,-187988,4233
1688984784487,-187988,4233
1688984784489,-187988,4233
1688984784492,-187988,4233
1688984784494,-187988,4233
1688984784496,-187988,4233
1688984784499,-187988,4233
1688984784501,-187988,4233
1688984784503,-187988,4233
1688984784505,-187988,4233
1688984784507,-187988,4233
1688984784510,-187988,4233
1688984784512,-187988,4233
1688984784514,-187988,4233
1688984784516,-187988,4233
1688984784518,-187988,4233
1688984784521,-187988,4233
1688984784523,-187988,4233
1688984784525,-187988,4233
1688984784528,-187988,4233
1688984784531,-187988,4233
1688984784533,-187988,4233
1688984784536,-187988,4233
1688984784543,-187988,4233
1688984784546,-187988,4233
1688984784550,-187988,4233
1688984784554,-187988,4233
1688984784557,-187988,4233
1688984784561,-187988,4233
1688984784565,-187988,4233
1688984784569,-187988,4233
1688984784574,-187988,4233
1688984784578,-187988,4233
1688984784582,-187988,4233
1688984784585,-187988,4233
1688984784589,-187988,4233
1688984784595,-187988,4233
1688984784598,-187988,4233
1688984784610,-187988,4233
1688984784614,-187988,4233
1688984784616,-187988,4233
1688984784619,-187988,4233
1688984784622,-187988,4233
1688984784624,-187988,4233
1688984784626,-187988,4233
1688984784627,-187988,4233
1688984784630,-187988,4233
1688984784633,-187988,4233
1688984784634,-187988,4233
1688984784636,-187988,4233
1688984784638,-187988,4233
1688984784640,-187988,4233
1688984784642,-187988,4233
1688984784644,-187988,4233
1688984784645,-187988,4233
1688984784647,-187988,4233
1688984784648,-187988,4233
1688984784650,-187988,4233
1688984784652,-187988,4233
1688984784653,-187988,4233
1688984784655,-187988,4233
1688984784657,-187988,4233
1688984784658,-187988,4233
1688984784660,-187988,4233
1688984784661,-187988,4233
1688984784663,-187988,4233
1688984784664,-187988,4233
1688984784666,-187988,4233
1688984784668,-187988,4233
1688984784670,-187988,4233
1688984784671,-187988,4233
1688984784673,-187988,4233
1688984784675,-187988,4233
1688984784676,-187988,4233
1688984784678,-187988,4233
1688984784680,-187988,4233
1688984784684,-187988,4233
1688984784687,-187988,4233
1688984784692,-187988,4233
1688984784696,-187988,4233
1688984784700,-187988,4233
1688984784704,-187988,4233
1688984784707,-187988,4233
1688984784711,-187988,4233
1688984784715,-187988,4233
1688984784718,-187988,4233
1688984784722,-187988,4233
1688984784725,-187988,4233
1688984784727,-187988,4233
1688984784730,-187988,4233
1688984784734,-187988,4233
1688984784737,-187988,4233
1688984784740,-187988,4233
1688984784742,-187988,4233
1688984784745,-187988,4233
1688984784748,-187988,4233
1688984784750,-187988,4233
1688984784753,-187988,4233
1688984784755,-187988,4233
1688984784758,-187988,4233
1688984784760,-187988,4233
1688984784764,-187988,4233
1688984784767,-187988,4233
1688984784771,-187988,4233
1688984784775,-187988,4233
1688984784778,-187988,4233
1688984784782,-187988,4233
1688984784785,-187988,4233
1688984784788,-187988,4233
1688984784790,-187988,4233
1688984784793,-187988,4233
1688984784796,-187988,4233
1688984784798,-187988,4233
1688984784801,-187988,4233
1688984784804,-187988,4233
1688984784807,-187988,4233
1688984784811,-187988,4233
1688984784814,-187988,4233
1688984784817,-187988,4233
1688984784820,-187988,4233
1688984784823,-187988,4233
1688984784826,-187988,4233
1688984784828,-187988,4233
1688984784832,-187988,4233
1688984784835,-187988,4233
1688984784838,-187988,4233
1688984784841,-187988,4233
1688984784844,-187988,4233
1688984784847,-187988,4233
1688984784850,-187988,4233
1688984784854,-187988,4233
1688984784857,-187988,4233
1688984784860,-187988,4233
1688984784863,-187988,4233
1688984784866,-187988,4233
1688984784868,-187988,4233
1688984784871,-187988,4233
1688984784874,-187988,4233
1688984784877,-187988,4233
1688984784880,-187988,4233
1688984784883,-187988,4233
1688984784885,-187988,4233
1688984784888,-187988,4233
1688984784892,-187988,4233
1688984784895,-187988,4233
1688984784898,-187988,4233
1688984784901,-187988,4233
1688984784904,-187988,4233
1688984784907,-187988,4233
1688984784910,-187988,4233
1688984784912,-187988,4233
1688984784915,-187988,4233
1688984784918,-187988,4233
1688984784921,-187988,4233
1688984784924,-187988,4233
1688984784927,-187988,4233
1688984784929,-187988,4233
1688984784932,-187988,4233
1688984784934,-187988,4233
1688984784936,-187988,4233
1688984784938,-187988,4233
1688984784941,-187988,4233
1688984784944,-187988,4233
1688984784947,-187988,4233
1688984784950,-187988,4233
1688984784953,-187988,4233
1688984784956,-187988,4233
1688984784958,-187988,4233
1688984784961,-187988,4233
1688984784964,-187988,4233
1688984784967,-187988,4233
1688984784971,-187988,4233
1688984784974,-187988,4233
1688984784977,-187988,4233
1688984784981,-187988,4233
1688984784984,-187988,4233
1688984784986,-187988,4233
1688984784989,-187988,4233
1688984784992,-187988,4233
1688984784995,-187988,4233
1688984784998,-187988,4233
1688984785001,-187988,4233
1688984785004,-187988,4233
1688984785007,-187988,4233
1688984785012,-187988,4233
1688984785015,-187988,4233
1688984785018,-187988,4233
1688984785021,-187988,4233
1688984785024,-187988,4233
1688984785027,-187988,4233
1688984785030,-187988,4233
1688984785032,-187988,4233
1688984785035,-187988,4233
1688984785038,-187988,4233
1688984785041,-187988,4233
1688984785044,-187988,4233
1688984785045,-187988,4233
1688984785047,-187988,4233
1688984785049,-187988,4233
1688984785052,-187988,4233
1688984785054,-187988,4233
1688984785056,-187988,4233
1688984785058,-187988,4233
1688984785061,-187988,4233
1688984785064,-187988,4233
1688984785066,-187988,4233
1688984785070,-187988,4233
1688984785073,-187988,4233
1688984785075,-187988,4233
1688984785078,-187988,4233
1688984785081,-187988,4233
1688984785083,-187988,4233
1688984785086,-187988,4233
1688984785090,-187988,4233
1688984785093,-187988,4233
1688984785096,-187988,4233
1688984785100,-187988,4233
1688984785104,-187988,4233
1688984785107,-187988,4233
1688984785109,-187988,4233
1688984785112,-187988,4233
1688984785115,-187988,4233
1688984785118,-187988,4233
1688984785121,-187988,4233
1688984785124,-187988,4233
1688984785126,-187988,4233
1688984785130,-187988,4233
1688984785133,-187988,4233
1688984785136,-187988,4233
1688984785140,-187988,4233
1688984785143,-187988,4233
1688984785146,-187988,4233
1688984785149,-187988,4233
1688984785152,-187988,4233
1688984785154,-187988,4233
1688984785157,-187988,4233
1688984785161,-187988,4233
1688984785164,-187988,4233
1688984785167,-187988,4233
1688984785171,-187988,4233
1688984785174,-187988,4233
1688984785177,-187988,4233
1688984785180,-187988,4233
1688984785183,-187988,4233
1688984785185,-187988,4233
1688984785188,-187988,4233
1688984785191,-187988,4233
1688984785194,-187988,4233
1688984785197,-187988,4233
1688984785200,-187988,4233
1688984785203,-187988,4233
1688984785206,-187988,4233
1688984785209,-187988,4233
1688984785212,-187988,4233
1688984785215,-187988,4233
1688984785218,-187988,4233
1688984785222,-187988,4233
1688984785225,-187988,4233
1688984785228,-187988,4233
1688984785231,-187988,4233
1688984785234,-187988,4233
1688984785236,-187988,4233
1688984785239,-187988,4233
1688984785243,-187988,4233
1688984785246,-187988,4233
1688984785250,-187988,4233
1688984785254,-187988,4233
1688984785258,-187988,4233
1688984785261,-187988,4233
1688984785264,-187988,4233
1688984785268,-187988,4233
1688984785272,-187988,4233
1688984785280,-187988,4233
1688984785282,-187988,4233
1688984785284,-187988,4233
1688984785286,-187988,4233
1688984785288,-187988,4233
1688984785290,-187988,4233
1688984785292,-187988,4233
1688984785294,-187988,4233
1688984785296,-187988,4233
1688984785297,-187988,4233
1688984785298,-187988,4233
1688984785305,-187988,4233
1688984785307,-187988,4233
1688984785309,-187988,4233
1688984785312,-187988,4233
1688984785314,-187988,4233
1688984785316,-187988,4233
1688984785321,-187988,4233
1688984785323,-187988,4233
1688984785328,-187988,4233
1688984785331,-187988,4233
1688984785333,-187988,4233
1688984785336,-187988,4233
1688984785338,-187988,4233
1688984785341,-187988,4233
1688984785342,-187988,4233
1688984785344,-187988,4233
1688984785345,-187988,4233
1688984785347,-187988,4233
1688984785348,-187988,4233
1688984785349,-187988,4233
1688984785351,-187988,4233
1688984785352,-187988,4233
1688984785353,-187988,4233
1688984785355,-187988,4233
1688984785356,-187988,4233
1688984785357,-187988,4233
1688984785358,-187988,4233
1688984785359,-187988,4233
1688984785360,-187988,4233
1688984785361,-187988,4233
1688984785362,-187988,4233
1688984785363,-187988,4233
1688984785363,-187988,4233
1688984785364,-187988,4233
1688984785364,-187988,4233
1688984785365,-187988,4233
1688984785366,-187988,4233
1688984785367,-187988,4233
1688984785368,-187988,4233
1688984785368,-187988,4233
1688984785370,-187988,4233
1688984785371,-187988,4233
1688984785372,-187988,4233
1688984785375,-187988,4233
1688984785377,-187988,4233
1688984785380,-187988,4233
1688984785382,-187988,4233
1688984785385,-187988,4233
1688984785387,-187988,4233
1688984785389,-187988,4233
1688984785391,-187988,4233
1688984785392,-187988,4233
1688984785394,-187988,4233
1688984785396,-187988,4233
1688984785398,-187988,4233
1688984785400,-187988,4233
1688984785402,-187988,4233
1688984785403,-187988,4233
1688984785404,-187988,4233
1688984785405,-187988,4233
1688984785406,-187988,4233
1688984785407,-187988,4233
1688984785408,-187988,4233
1688984785408,-187988,4233
1688984785409,-187988,4233
1688984785410,-187988,4233
1688984785411,-187988,4233
1688984785411,-187988,4233
1688984785412,-187988,4233
1688984785412,-187988,4233
1688984785413,-187988,4233
1688984785414,-187988,4233
1688984785414,-187988,4233
1688984785415,-187988,4233
1688984785416,-187988,4233
1688984785416,-187988,4233
1688984785417,-187988,4233
1688984785417,-187988,4233
1688984785418,-187988,4233
1688984785419,-187988,4233
1688984785420,-187988,4233
1688984785421,-187988,4233
1688984785421,-187988,4233
1688984785422,-187988,4233
1688984785422,-187988,4233
1688984785423,-187988,4233
1688984785424,-187988,4233
1688984785424,-187988,4233
1688984785425,-187988,4233
1688984785426,-187988,4233
1688984785426,-187988,4233
1688984785427,-187988,4233
1688984785428,-187988,4233
1688984785428,-187988,4233
1688984785431,-187988,4233
1688984785433,-187988,4233
1688984785435,-187988,4233
1688984785437,-187988,4233
1688984785439,-187988,4233
1688984785441,-187988,4233
1688984785442,-187988,4233
1688984785444,-187988,4233
1688984785445,-187988,4233
1688984785446,-187988,4233
1688984785448,-187988,4233
1688984785450,-187988,4233
1688984785453,-187988,4233
1688984785455,-187988,4233
1688984785457,-187988,4233
1688984785460,-187988,4233
1688984785462,-187988,4233
1688984785464,-187988,4233
1688984785466,-187988,4233
1688984785467,-187988,4233
1688984785469,-187988,4233
1688984785471,-187988,4233
1688984785473,-187988,4233
1688984785474,-187988,4233
1688984785477,-187988,4233
1688984785479,-187988,4233
1688984785480,-187988,4233
