Timestamp,BATTERY_PROPERTY_CURRENT_NOW,EXTRA_VOLTAGE
1688595675947,-393066,4077
1688595675961,-393066,4077
1688595675975,-393066,4077
1688595675988,-393066,4077
1688595676002,-393066,4077
1688595676017,-393066,4077
1688595676032,-393066,4077
1688595676045,-393066,4077
1688595676059,-393066,4077
1688595676072,-393066,4077
1688595676087,-393066,4077
1688595676101,-393066,4077
1688595676115,-393066,4077
1688595676129,-393066,4077
1688595676143,-393066,4077
1688595676157,-393066,4077
1688595676171,-393066,4077
1688595676185,-393066,4077
1688595676199,-393066,4077
1688595676214,-393066,4077
1688595676227,-393066,4077
1688595676241,-393066,4077
1688595676256,-393066,4077
1688595676270,-393066,4077
1688595676284,-393066,4077
1688595676297,-393066,4077
1688595676311,-393066,4077
1688595676324,-393066,4077
1688595676339,-393066,4077
1688595676353,-393066,4077
1688595676367,-393066,4077
1688595676382,-393066,4077
1688595676398,-393066,4077
1688595676412,-393066,4077
1688595676434,-393066,4077
1688595676450,-393066,4077
1688595676466,-393066,4077
1688595676484,-393066,4077
1688595676502,-393066,4077
1688595676521,-393066,4077
1688595676540,-393066,4077
1688595676560,-393066,4077
1688595676575,-393066,4077
1688595676589,-393066,4077
1688595676604,-393066,4077
1688595676617,-393066,4077
1688595676633,-393066,4077
1688595676654,-393066,4077
1688595676673,-393066,4077
1688595676697,-393066,4077
1688595676717,-393066,4077
1688595676734,-393066,4077
1688595676757,-393066,4077
1688595676775,-393066,4077
1688595676793,-393066,4077
1688595676810,-393066,4077
1688595676827,-393066,4077
1688595676845,-393066,4077
1688595676864,-393066,4077
1688595676883,-393066,4077
1688595676910,-393066,4077
1688595676930,-393066,4077
1688595676948,-393066,4077
1688595676966,-393066,4077
1688595676986,-393066,4077
1688595677001,-393066,4077
1688595677017,-393066,4077
1688595677033,-393066,4077
1688595677050,-393066,4077
1688595677066,-393066,4077
1688595677084,-393066,4077
1688595677115,-145507,4077
1688595677138,-145507,4172
1688595677157,-145507,4172
1688595677173,-145507,4172
1688595677189,-145507,4172
1688595677205,-145507,4172
1688595677224,-145507,4172
1688595677240,-145507,4172
1688595677258,-145507,4172
1688595677274,-145507,4172
1688595677290,-145507,4172
1688595677309,-145507,4172
1688595677326,-145507,4172
1688595677343,-145507,4172
1688595677364,-145507,4172
1688595677383,-145507,4172
1688595677403,-145507,4172
1688595677420,-145507,4172
1688595677435,-145507,4172
1688595677457,-145507,4172
1688595677473,-145507,4172
1688595677492,-145507,4172
1688595677510,-145507,4172
1688595677528,-145507,4172
1688595677550,-145507,4172
1688595677572,-145507,4172
1688595677594,-145507,4172
1688595677612,-145507,4172
1688595677636,-145507,4172
1688595677660,-145507,4172
1688595677679,-145507,4172
1688595677698,-145507,4172
1688595677716,-145507,4172
1688595677737,-145507,4172
1688595677755,-145507,4172
1688595677773,-145507,4172
1688595677795,-145507,4172
1688595677818,-145507,4172
1688595677836,-145507,4172
1688595677857,-145507,4172
1688595677872,-145507,4172
1688595677888,-145507,4172
1688595677903,-145507,4172
1688595677923,-145507,4172
1688595677945,-145507,4172
1688595677965,-145507,4172
1688595677992,-145507,4172
1688595678012,-145507,4172
1688595678034,-145507,4172
1688595678056,-145507,4172
1688595678077,-145507,4172
1688595678095,-145507,4172
1688595678116,-145507,4172
1688595678136,-145507,4172
1688595678157,-145507,4172
1688595678177,-145507,4172
1688595678197,-145507,4172
1688595678217,-145507,4172
1688595678234,-145507,4172
1688595678251,-145507,4172
1688595678267,-145507,4172
1688595678283,-145507,4172
1688595678301,-145507,4172
1688595678317,-145507,4172
1688595678335,-145507,4172
1688595678353,-145507,4172
1688595678372,-145507,4172
1688595678387,-145507,4172
1688595678405,-145507,4172
1688595678423,-145507,4172
1688595678440,-145507,4172
1688595678455,-145507,4172
1688595678473,-145507,4172
1688595678496,-145507,4172
1688595678518,-145507,4172
1688595678536,-145507,4172
1688595678560,-173828,4172
1688595678580,-173828,4172
1688595678599,-173828,4172
1688595678616,-173828,4172
1688595678639,-173828,4172
1688595678657,-173828,4172
1688595678674,-173828,4172
1688595678696,-173828,4172
1688595678716,-173828,4172
1688595678736,-173828,4172
1688595678756,-173828,4172
1688595678781,-173828,4172
1688595678800,-173828,4172
1688595678815,-173828,4172
1688595678830,-173828,4172
1688595678845,-173828,4172
1688595678859,-173828,4172
1688595678872,-173828,4172
1688595678887,-173828,4172
1688595678901,-173828,4172
1688595678916,-173828,4172
1688595678931,-173828,4172
1688595678944,-173828,4172
1688595678962,-173828,4172
1688595678980,-173828,4172
1688595678998,-173828,4172
1688595679015,-173828,4172
1688595679041,-173828,4172
1688595679063,-173828,4172
1688595679083,-173828,4172
1688595679106,-173828,4172
1688595679126,-173828,4172
1688595679149,-173828,4172
1688595679168,-173828,4172
1688595679192,-173828,4172
1688595679214,-173828,4172
1688595679236,-173828,4172
1688595679256,-173828,4172
1688595679276,-173828,4172
1688595679296,-173828,4172
1688595679316,-173828,4172
1688595679337,-173828,4172
1688595679356,-173828,4172
1688595679373,-173828,4172
1688595679391,-173828,4172
1688595679414,-173828,4172
1688595679432,-173828,4172
1688595679452,-173828,4172
1688595679473,-173828,4172
1688595679495,-173828,4172
1688595679511,-173828,4172
1688595679527,-173828,4172
1688595679544,-173828,4172
1688595679560,-173828,4172
1688595679575,-173828,4172
1688595679590,-173828,4172
1688595679603,-173828,4172
1688595679617,-173828,4172
1688595679630,-173828,4172
1688595679643,-173828,4172
1688595679656,-173828,4172
1688595679670,-173828,4172
1688595679683,-173828,4172
1688595679697,-173828,4172
1688595679710,-173828,4172
1688595679723,-173828,4172
1688595679743,-173828,4172
1688595679781,-173828,4172
1688595679799,-173828,4172
1688595679817,-173828,4172
1688595679835,-173828,4172
1688595679856,-173828,4172
1688595679877,-173828,4172
1688595679901,-173828,4172
1688595679919,-173828,4172
1688595679936,-173828,4172
1688595679957,-173828,4172
1688595679978,-173828,4172
1688595679999,-173828,4172
1688595680017,-129882,4172
1688595680037,-129882,4172
1688595680055,-129882,4172
1688595680076,-129882,4172
1688595680096,-129882,4172
1688595680116,-129882,4172
1688595680136,-129882,4172
1688595680157,-129882,4172
1688595680174,-129882,4172
1688595680197,-129882,4172
1688595680215,-129882,4172
1688595680234,-129882,4172
1688595680257,-129882,4172
1688595680277,-129882,4172
1688595680297,-129882,4172
1688595680316,-129882,4172
1688595680336,-129882,4172
1688595680356,-129882,4172
1688595680377,-129882,4172
1688595680400,-129882,4172
1688595680420,-129882,4172
1688595680438,-129882,4172
1688595680456,-129882,4172
1688595680476,-129882,4172
1688595680492,-129882,4172
1688595680509,-129882,4172
1688595680525,-129882,4172
1688595680542,-129882,4172
1688595680561,-129882,4172
1688595680577,-129882,4172
1688595680593,-129882,4172
1688595680611,-129882,4172
1688595680628,-129882,4172
1688595680643,-129882,4172
1688595680661,-129882,4172
1688595680677,-129882,4172
1688595680693,-129882,4172
1688595680710,-129882,4172
1688595680732,-129882,4172
1688595680751,-129882,4172
1688595680774,-129882,4172
1688595680793,-129882,4172
1688595680816,-129882,4172
1688595680836,-129882,4172
1688595680856,-129882,4172
1688595680876,-129882,4172
1688595680902,-129882,4172
1688595680920,-129882,4172
1688595680941,-129882,4172
1688595680961,-129882,4172
1688595680978,-129882,4172
1688595680997,-129882,4172
1688595681017,-129882,4172
1688595681037,-129882,4172
1688595681057,-129882,4172
1688595681076,-129882,4172
1688595681097,-129882,4172
1688595681116,-129882,4172
1688595681136,-129882,4172
1688595681156,-129882,4172
1688595681177,-129882,4172
1688595681201,-129882,4172
1688595681218,-129882,4172
1688595681236,-129882,4172
1688595681259,-129882,4172
1688595681278,-129882,4172
1688595681296,-129882,4172
1688595681315,-129882,4172
1688595681334,-129882,4172
1688595681353,-129882,4172
1688595681375,-129882,4172
1688595681396,-129882,4172
1688595681416,-129882,4172
1688595681437,-129882,4172
1688595681461,-129882,4172
1688595681486,-129394,4172
1688595681507,-129394,4172
1688595681527,-129394,4172
1688595681549,-129394,4172
1688595681567,-129394,4172
1688595681586,-129394,4172
1688595681606,-129394,4172
1688595681622,-129394,4172
1688595681640,-129394,4172
1688595681656,-129394,4172
1688595681675,-129394,4172
1688595681692,-129394,4172
1688595681710,-129394,4172
1688595681726,-129394,4172
1688595681743,-129394,4172
1688595681760,-129394,4172
1688595681776,-129394,4172
1688595681792,-129394,4172
1688595681811,-129394,4172
1688595681827,-129394,4172
1688595681843,-129394,4172
1688595681867,-129394,4172
1688595681887,-129394,4172
1688595681906,-129394,4172
1688595681926,-129394,4172
1688595681947,-129394,4172
1688595681968,-129394,4172
1688595681986,-129394,4172
1688595682007,-129394,4172
1688595682027,-129394,4172
1688595682045,-129394,4172
1688595682076,-129394,4172
1688595682097,-129394,4172
1688595682117,-129394,4172
1688595682135,-129394,4172
1688595682154,-129394,4172
1688595682177,-129394,4172
1688595682195,-129394,4172
1688595682220,-129394,4172
1688595682239,-129394,4172
1688595682263,-129394,4172
1688595682285,-129394,4172
1688595682306,-129394,4172
1688595682326,-129394,4172
1688595682352,-129394,4172
1688595682374,-129394,4172
1688595682394,-129394,4172
1688595682416,-129394,4172
1688595682438,-129394,4172
1688595682455,-129394,4172
1688595682473,-129394,4172
1688595682495,-129394,4172
1688595682515,-129394,4172
1688595682533,-129394,4172
1688595682552,-129394,4172
1688595682573,-129394,4172
1688595682592,-129394,4172
1688595682609,-129394,4172
1688595682623,-129394,4172
1688595682638,-129394,4172
1688595682656,-129394,4172
1688595682674,-129394,4172
1688595682695,-129394,4172
1688595682716,-129394,4172
1688595682734,-129394,4172
1688595682751,-129394,4172
1688595682771,-129394,4172
1688595682787,-129394,4172
1688595682803,-129394,4172
1688595682821,-129394,4172
1688595682837,-129394,4172
1688595682853,-129394,4172
1688595682874,-129394,4172
1688595682889,-129394,4172
1688595682904,-129394,4172
1688595682922,-129394,4172
1688595682940,-203124,4172
1688595682956,-203124,4172
1688595682972,-203124,4172
1688595682990,-203124,4172
1688595683011,-203124,4172
1688595683029,-203124,4172
1688595683049,-203124,4172
1688595683068,-203124,4172
1688595683084,-203124,4172
1688595683104,-203124,4172
1688595683123,-203124,4172
1688595683143,-203124,4172
1688595683164,-203124,4172
1688595683184,-203124,4172
1688595683208,-203124,4172
1688595683235,-203124,4172
1688595683260,-203124,4172
1688595683286,-203124,4172
1688595683308,-203124,4172
1688595683325,-203124,4172
1688595683344,-203124,4172
1688595683366,-203124,4172
1688595683385,-203124,4172
1688595683406,-203124,4172
1688595683425,-203124,4172
1688595683446,-203124,4172
1688595683465,-203124,4172
1688595683487,-203124,4172
1688595683506,-203124,4172
1688595683526,-203124,4172
1688595683544,-203124,4172
1688595683571,-203124,4172
1688595683588,-203124,4172
1688595683607,-203124,4172
1688595683625,-203124,4172
1688595683645,-203124,4172
1688595683666,-203124,4172
1688595683686,-203124,4172
1688595683706,-203124,4172
1688595683725,-203124,4172
1688595683747,-203124,4172
1688595683770,-203124,4172
1688595683788,-203124,4172
1688595683806,-203124,4172
1688595683824,-203124,4172
1688595683846,-203124,4172
1688595683871,-203124,4172
1688595683890,-203124,4172
1688595683905,-203124,4172
1688595683921,-203124,4172
1688595683938,-203124,4172
1688595683956,-203124,4172
1688595683972,-203124,4172
1688595683990,-203124,4172
1688595684006,-203124,4172
1688595684023,-203124,4172
1688595684041,-203124,4172
1688595684057,-203124,4172
1688595684073,-203124,4172
1688595684091,-203124,4172
1688595684107,-203124,4172
1688595684123,-203124,4172
1688595684139,-203124,4172
1688595684154,-203124,4172
1688595684171,-203124,4172
1688595684186,-203124,4172
1688595684203,-203124,4172
1688595684222,-203124,4172
1688595684244,-203124,4172
1688595684270,-203124,4172
1688595684288,-203124,4172
1688595684307,-203124,4172
1688595684324,-203124,4172
1688595684343,-203124,4172
1688595684364,-203124,4172
1688595684387,-203124,4172
1688595684405,-128417,4172
1688595684425,-128417,4172
1688595684446,-128417,4172
1688595684464,-128417,4172
1688595684487,-128417,4172
1688595684505,-128417,4172
1688595684527,-128417,4172
1688595684547,-128417,4172
1688595684570,-128417,4172
1688595684594,-128417,4172
1688595684616,-128417,4172
1688595684636,-128417,4172
1688595684657,-128417,4172
1688595684676,-128417,4172
1688595684696,-128417,4172
1688595684716,-128417,4172
1688595684736,-128417,4172
1688595684756,-128417,4172
1688595684776,-128417,4172
1688595684793,-128417,4172
1688595684815,-128417,4172
1688595684837,-128417,4172
1688595684857,-128417,4172
1688595684874,-128417,4172
1688595684891,-128417,4172
1688595684909,-128417,4172
1688595684926,-128417,4172
1688595684946,-128417,4172
1688595684967,-128417,4172
1688595684987,-128417,4172
1688595685004,-128417,4172
1688595685020,-128417,4172
1688595685037,-128417,4172
1688595685056,-128417,4172
1688595685077,-128417,4172
1688595685093,-128417,4172
1688595685110,-128417,4172
1688595685125,-128417,4172
1688595685142,-128417,4172
1688595685160,-128417,4172
1688595685176,-128417,4172
1688595685192,-128417,4172
1688595685209,-128417,4172
1688595685224,-128417,4172
1688595685245,-128417,4172
1688595685262,-128417,4172
1688595685280,-128417,4172
1688595685295,-128417,4172
1688595685316,-128417,4172
1688595685333,-128417,4172
1688595685354,-128417,4172
1688595685375,-128417,4172
1688595685396,-128417,4172
1688595685416,-128417,4172
1688595685437,-128417,4172
1688595685455,-128417,4172
1688595685476,-128417,4172
1688595685496,-128417,4172
1688595685516,-128417,4172
1688595685536,-128417,4172
1688595685556,-128417,4172
1688595685576,-128417,4172
1688595685596,-128417,4172
1688595685616,-128417,4172
1688595685633,-128417,4172
1688595685651,-128417,4172
1688595685668,-128417,4172
1688595685685,-128417,4172
1688595685701,-128417,4172
1688595685715,-128417,4172
1688595685733,-128417,4172
1688595685755,-128417,4172
1688595685775,-128417,4172
1688595685795,-128417,4172
1688595685815,-128417,4172
1688595685837,-128417,4172
1688595685856,-135253,4172
1688595685876,-135253,4172
1688595685894,-135253,4172
1688595685919,-135253,4172
1688595685936,-135253,4172
1688595685956,-135253,4172
1688595685975,-135253,4172
1688595685996,-135253,4172
1688595686014,-135253,4172
1688595686035,-135253,4172
1688595686054,-135253,4172
1688595686075,-135253,4172
1688595686093,-135253,4172
1688595686116,-135253,4172
1688595686135,-135253,4172
1688595686152,-135253,4172
1688595686173,-135253,4172
1688595686194,-135253,4172
1688595686212,-135253,4172
1688595686229,-135253,4172
1688595686244,-135253,4172
1688595686262,-135253,4172
1688595686279,-135253,4172
1688595686295,-135253,4172
1688595686312,-135253,4172
1688595686328,-135253,4172
1688595686343,-135253,4172
1688595686363,-135253,4172
1688595686381,-135253,4172
1688595686396,-135253,4172
1688595686412,-135253,4172
1688595686431,-135253,4172
1688595686450,-135253,4172
1688595686467,-135253,4172
1688595686484,-135253,4172
1688595686517,-135253,4172
1688595686533,-135253,4172
1688595686550,-135253,4172
1688595686564,-135253,4172
1688595686589,-135253,4172
1688595686609,-135253,4172
1688595686626,-135253,4172
1688595686645,-135253,4172
1688595686667,-135253,4172
1688595686686,-135253,4172
1688595686705,-135253,4172
1688595686730,-135253,4172
1688595686748,-135253,4172
1688595686766,-135253,4172
1688595686786,-135253,4172
1688595686807,-135253,4172
1688595686827,-135253,4172
1688595686845,-135253,4172
1688595686866,-135253,4172
1688595686892,-135253,4172
1688595686910,-135253,4172
1688595686925,-135253,4172
1688595686940,-135253,4172
1688595686954,-135253,4172
1688595686972,-135253,4172
1688595686994,-135253,4172
1688595687013,-135253,4172
1688595687035,-135253,4172
1688595687059,-135253,4172
1688595687076,-135253,4172
1688595687094,-135253,4172
1688595687113,-135253,4172
1688595687133,-135253,4172
1688595687156,-135253,4172
1688595687173,-135253,4172
1688595687197,-135253,4172
1688595687216,-135253,4172
1688595687236,-135253,4172
1688595687254,-135253,4172
1688595687276,-135253,4172
1688595687293,-135253,4172
1688595687314,-126953,4172
1688595687332,-126953,4172
1688595687349,-126953,4172
1688595687364,-126953,4172
1688595687382,-126953,4172
1688595687397,-126953,4172
1688595687413,-126953,4172
1688595687430,-126953,4172
1688595687445,-126953,4172
1688595687462,-126953,4172
1688595687480,-126953,4172
1688595687496,-126953,4172
1688595687512,-126953,4172
1688595687528,-126953,4172
1688595687544,-126953,4172
1688595687562,-126953,4172
1688595687577,-126953,4172
1688595687597,-126953,4172
1688595687614,-126953,4172
1688595687635,-126953,4172
1688595687653,-126953,4172
1688595687674,-126953,4172
1688595687697,-126953,4172
1688595687716,-126953,4172
1688595687736,-126953,4172
1688595687755,-126953,4172
1688595687775,-126953,4172
1688595687795,-126953,4172
1688595687816,-126953,4172
1688595687836,-126953,4172
1688595687856,-126953,4172
1688595687876,-126953,4172
1688595687894,-126953,4172
1688595687914,-126953,4172
1688595687936,-126953,4172
1688595687956,-126953,4172
1688595687976,-126953,4172
1688595687996,-126953,4172
1688595688016,-126953,4172
1688595688036,-126953,4172
1688595688056,-126953,4172
1688595688075,-126953,4172
1688595688095,-126953,4172
1688595688116,-126953,4172
1688595688136,-126953,4172
1688595688155,-126953,4172
1688595688176,-126953,4172
1688595688193,-126953,4172
1688595688215,-126953,4172
1688595688238,-126953,4172
1688595688255,-126953,4172
1688595688276,-126953,4172
1688595688296,-126953,4172
1688595688317,-126953,4172
1688595688334,-126953,4172
1688595688357,-126953,4172
1688595688374,-126953,4172
1688595688396,-126953,4172
1688595688418,-126953,4172
1688595688436,-126953,4172
1688595688456,-126953,4172
1688595688473,-126953,4172
1688595688491,-126953,4172
1688595688506,-126953,4172
1688595688523,-126953,4172
1688595688542,-126953,4172
1688595688559,-126953,4172
1688595688574,-126953,4172
1688595688591,-126953,4172
1688595688607,-126953,4172
1688595688623,-126953,4172
1688595688639,-126953,4172
1688595688654,-126953,4172
1688595688674,-126953,4172
1688595688689,-126953,4172
1688595688705,-126953,4172
1688595688722,-126953,4172
1688595688740,-126953,4172
1688595688755,-126953,4172
1688595688771,-212890,4172
1688595688786,-212890,4172
1688595688810,-212890,4172
1688595688825,-212890,4172
1688595688844,-212890,4172
1688595688866,-212890,4172
1688595688885,-212890,4172
1688595688906,-212890,4172
1688595688925,-212890,4172
1688595688946,-212890,4172
1688595688964,-212890,4172
1688595688985,-212890,4172
1688595689004,-212890,4172
1688595689026,-212890,4172
1688595689046,-212890,4172
1688595689067,-212890,4172
1688595689086,-212890,4172
1688595689106,-212890,4172
1688595689124,-212890,4172
1688595689147,-212890,4172
1688595689166,-212890,4172
1688595689187,-212890,4172
1688595689205,-212890,4172
1688595689226,-212890,4172
1688595689245,-212890,4172
1688595689266,-212890,4172
1688595689284,-212890,4172
1688595689305,-212890,4172
1688595689323,-212890,4172
1688595689344,-212890,4172
1688595689363,-212890,4172
1688595689384,-212890,4172
1688595689403,-212890,4172
1688595689425,-212890,4172
1688595689443,-212890,4172
1688595689465,-212890,4172
1688595689484,-212890,4172
1688595689506,-212890,4172
1688595689523,-212890,4172
1688595689544,-212890,4172
1688595689562,-212890,4172
1688595689584,-212890,4172
1688595689603,-212890,4172
1688595689620,-212890,4172
1688595689636,-212890,4172
1688595689651,-212890,4172
1688595689667,-212890,4172
1688595689683,-212890,4172
1688595689699,-212890,4172
1688595689714,-212890,4172
1688595689732,-212890,4172
1688595689747,-212890,4172
1688595689762,-212890,4172
1688595689780,-212890,4172
1688595689795,-212890,4172
1688595689810,-212890,4172
1688595689825,-212890,4172
1688595689844,-212890,4172
1688595689865,-212890,4172
1688595689883,-212890,4172
1688595689902,-212890,4172
1688595689917,-212890,4172
1688595689932,-212890,4172
1688595689951,-212890,4172
1688595689968,-212890,4172
1688595689985,-212890,4172
1688595690002,-212890,4172
1688595690022,-212890,4172
1688595690039,-212890,4172
1688595690056,-212890,4172
1688595690075,-212890,4172
1688595690097,-212890,4172
1688595690114,-212890,4172
1688595690135,-212890,4172
1688595690156,-212890,4172
1688595690175,-212890,4172
1688595690196,-212890,4172
1688595690215,-212890,4172
1688595690236,-130371,4172
1688595690256,-130371,4172
1688595690276,-130371,4172
1688595690298,-130371,4172
1688595690316,-130371,4172
1688595690335,-130371,4172
1688595690354,-130371,4172
1688595690376,-130371,4172
1688595690395,-130371,4172
1688595690416,-130371,4172
1688595690435,-130371,4172
1688595690455,-130371,4172
1688595690474,-130371,4172
1688595690496,-130371,4172
1688595690514,-130371,4172
1688595690535,-130371,4172
1688595690554,-130371,4172
1688595690574,-130371,4172
1688595690594,-130371,4172
1688595690617,-130371,4172
1688595690636,-130371,4172
1688595690656,-130371,4172
1688595690675,-130371,4172
1688595690696,-130371,4172
1688595690717,-130371,4172
1688595690735,-130371,4172
1688595690754,-130371,4172
1688595690775,-130371,4172
1688595690793,-130371,4172
1688595690813,-130371,4172
1688595690830,-130371,4172
1688595690846,-130371,4172
1688595690862,-130371,4172
1688595690879,-130371,4172
1688595690894,-130371,4172
1688595690910,-130371,4172
1688595690924,-130371,4172
1688595690941,-130371,4172
1688595690956,-130371,4172
1688595690972,-130371,4172
1688595690993,-130371,4172
1688595691011,-130371,4172
1688595691026,-130371,4172
1688595691043,-130371,4172
1688595691064,-130371,4172
1688595691084,-130371,4172
1688595691105,-130371,4172
1688595691125,-130371,4172
1688595691145,-130371,4172
1688595691165,-130371,4172
1688595691185,-130371,4172
1688595691205,-130371,4172
1688595691226,-130371,4172
1688595691245,-130371,4172
1688595691266,-130371,4172
1688595691282,-130371,4172
1688595691298,-130371,4172
1688595691316,-130371,4172
1688595691336,-130371,4172
1688595691356,-130371,4172
1688595691378,-130371,4172
1688595691395,-130371,4172
1688595691416,-130371,4172
1688595691434,-130371,4172
1688595691455,-130371,4172
1688595691474,-130371,4172
1688595691499,-130371,4172
1688595691517,-130371,4172
1688595691536,-130371,4172
1688595691554,-130371,4172
1688595691576,-130371,4172
1688595691594,-130371,4172
1688595691615,-130371,4172
1688595691637,-130371,4172
1688595691654,-130371,4172
1688595691674,-130371,4172
1688595691695,-130371,4172
1688595691714,-130371,4172
1688595691736,-130371,4172
1688595691755,-130371,4172
1688595691773,-130371,4172
1688595691796,-130371,4172
1688595691812,-130371,4172
1688595691829,-130371,4172
1688595691844,-130371,4172
1688595691861,-130371,4172
1688595691876,-130371,4172
1688595691895,-130371,4172
1688595691913,-130371,4172
1688595691936,-130371,4172
1688595691954,-130371,4172
1688595691974,-130371,4172
1688595691997,-130371,4172
1688595692013,-130371,4172
1688595692031,-130371,4172
1688595692046,-130371,4172
1688595692062,-130371,4172
1688595692077,-130371,4172
1688595692092,-130371,4172
1688595692108,-130371,4172
1688595692122,-130371,4172
1688595692140,-130371,4172
1688595692154,-130371,4172
1688595692172,-130371,4172
1688595692187,-130371,4172
1688595692204,-130371,4172
1688595692222,-130371,4172
1688595692239,-130371,4172
1688595692254,-130371,4172
1688595692270,-130371,4172
1688595692285,-130371,4172
1688595692305,-130371,4172
1688595692326,-130371,4172
1688595692346,-130371,4172
1688595692366,-130371,4172
1688595692386,-130371,4172
1688595692405,-130371,4172
1688595692425,-130371,4172
1688595692445,-130371,4172
1688595692465,-130371,4172
1688595692487,-130371,4172
1688595692506,-130371,4172
1688595692525,-130371,4172
1688595692547,-130371,4172
1688595692566,-130371,4172
1688595692586,-130371,4172
1688595692606,-130371,4172
1688595692625,-130371,4172
1688595692645,-130371,4172
1688595692664,-130371,4172
1688595692686,-130371,4172
1688595692706,-130371,4172
1688595692727,-130371,4172
1688595692747,-130371,4172
1688595692767,-130371,4172
1688595692785,-130371,4172
1688595692805,-130371,4172
1688595692825,-130371,4172
1688595692850,-130371,4172
1688595692871,-130371,4172
1688595692888,-130371,4172
1688595692911,-130371,4172
1688595692927,-130371,4172
1688595692941,-130371,4172
1688595692962,-130371,4172
1688595692982,-130371,4172
1688595692999,-130371,4172
1688595693020,-130371,4172
1688595693038,-130371,4172
1688595693054,-130371,4172
1688595693075,-130371,4172
1688595693095,-130371,4172
1688595693115,-130371,4172
1688595693133,-130371,4172
1688595693155,-126953,4172
1688595693177,-126953,4172
1688595693196,-126953,4172
1688595693215,-126953,4172
1688595693236,-126953,4172
1688595693255,-126953,4172
1688595693274,-126953,4172
1688595693291,-126953,4172
1688595693306,-126953,4172
1688595693322,-126953,4172
1688595693339,-126953,4172
1688595693353,-126953,4172
1688595693370,-126953,4172
1688595693386,-126953,4172
1688595693402,-126953,4172
1688595693426,-126953,4172
1688595693442,-126953,4172
1688595693457,-126953,4172
1688595693472,-126953,4172
1688595693489,-126953,4172
1688595693504,-126953,4172
1688595693526,-126953,4172
1688595693544,-126953,4172
1688595693566,-126953,4172
1688595693587,-126953,4172
1688595693606,-126953,4172
1688595693625,-126953,4172
1688595693646,-126953,4172
1688595693664,-126953,4172
1688595693686,-126953,4172
1688595693705,-126953,4172
1688595693725,-126953,4172
1688595693743,-126953,4172
1688595693764,-126953,4172
1688595693783,-126953,4172
1688595693802,-126953,4172
1688595693820,-126953,4172
1688595693834,-126953,4172
1688595693856,-126953,4172
1688595693876,-126953,4172
1688595693894,-126953,4172
1688595693915,-126953,4172
1688595693937,-126953,4172
1688595693953,-126953,4172
1688595693974,-126953,4172
1688595693998,-126953,4172
1688595694015,-126953,4172
1688595694035,-126953,4172
1688595694056,-126953,4172
1688595694076,-126953,4172
1688595694096,-126953,4172
1688595694116,-126953,4172
1688595694138,-126953,4172
1688595694155,-126953,4172
1688595694177,-126953,4172
1688595694196,-126953,4172
1688595694215,-126953,4172
1688595694235,-126953,4172
1688595694257,-126953,4172
1688595694273,-126953,4172
1688595694295,-126953,4172
1688595694317,-126953,4172
1688595694336,-126953,4172
1688595694355,-126953,4172
1688595694375,-126953,4172
1688595694395,-126953,4172
1688595694413,-126953,4172
1688595694430,-126953,4172
1688595694445,-126953,4172
1688595694460,-126953,4172
1688595694475,-126953,4172
1688595694491,-126953,4172
1688595694507,-126953,4172
1688595694523,-126953,4172
1688595694540,-126953,4172
1688595694556,-126953,4172
1688595694572,-126953,4172
1688595694594,-126953,4172
1688595694611,-203613,4172
1688595694627,-203613,4172
1688595694644,-203613,4172
1688595694662,-203613,4172
1688595694685,-203613,4172
1688595694704,-203613,4172
1688595694724,-203613,4172
1688595694741,-203613,4172
1688595694767,-203613,4172
1688595694784,-203613,4172
1688595694805,-203613,4172
1688595694823,-203613,4172
1688595694844,-203613,4172
1688595694864,-203613,4172
1688595694886,-203613,4172
1688595694904,-203613,4172
1688595694925,-203613,4172
1688595694939,-203613,4172
1688595694955,-203613,4172
1688595694969,-203613,4172
1688595694983,-203613,4172
1688595695000,-203613,4172
1688595695019,-203613,4172
1688595695037,-203613,4172
1688595695052,-203613,4172
1688595695073,-203613,4172
1688595695093,-203613,4172
1688595695115,-203613,4172
1688595695136,-203613,4172
1688595695156,-203613,4172
1688595695174,-203613,4172
1688595695195,-203613,4172
1688595695213,-203613,4172
1688595695233,-203613,4172
1688595695253,-203613,4172
1688595695275,-203613,4172
1688595695296,-203613,4172
1688595695317,-203613,4172
1688595695335,-203613,4172
1688595695357,-203613,4172
1688595695376,-203613,4172
1688595695395,-203613,4172
1688595695415,-203613,4172
1688595695436,-203613,4172
1688595695454,-203613,4172
1688595695476,-203613,4172
1688595695494,-203613,4172
1688595695515,-203613,4172
1688595695531,-203613,4172
1688595695546,-203613,4172
1688595695562,-203613,4172
1688595695579,-203613,4172
1688595695593,-203613,4172
1688595695609,-203613,4172
1688595695628,-203613,4172
1688595695643,-203613,4172
1688595695660,-203613,4172
1688595695674,-203613,4172
1688595695690,-203613,4172
1688595695705,-203613,4172
1688595695724,-203613,4172
1688595695740,-203613,4172
1688595695755,-203613,4172
1688595695771,-203613,4172
1688595695788,-203613,4172
1688595695804,-203613,4172
1688595695824,-203613,4172
1688595695845,-203613,4172
1688595695866,-203613,4172
1688595695882,-203613,4172
1688595695899,-203613,4172
1688595695922,-203613,4172
1688595695941,-203613,4172
1688595695958,-203613,4172
1688595695979,-203613,4172
1688595696003,-203613,4172
1688595696024,-203613,4172
1688595696045,-203613,4172
1688595696065,-130859,4172
1688595696082,-130859,4172
1688595696103,-130859,4172
1688595696121,-130859,4172
1688595696138,-130859,4172
1688595696154,-130859,4172
1688595696172,-130859,4172
1688595696192,-130859,4172
1688595696209,-130859,4172
1688595696226,-130859,4172
1688595696245,-130859,4172
1688595696269,-130859,4172
1688595696286,-130859,4172
1688595696305,-130859,4172
1688595696325,-130859,4172
1688595696344,-130859,4172
1688595696367,-130859,4172
1688595696387,-130859,4172
1688595696403,-130859,4172
1688595696423,-130859,4172
1688595696449,-130859,4172
1688595696466,-130859,4172
1688595696485,-130859,4172
1688595696510,-130859,4172
1688595696528,-130859,4172
1688595696544,-130859,4172
1688595696564,-130859,4172
1688595696586,-130859,4172
1688595696607,-130859,4172
1688595696628,-130859,4172
1688595696644,-130859,4172
1688595696661,-130859,4172
1688595696676,-130859,4172
1688595696692,-130859,4172
1688595696714,-130859,4172
1688595696731,-130859,4172
1688595696749,-130859,4172
1688595696764,-130859,4172
1688595696782,-130859,4172
1688595696796,-130859,4172
1688595696811,-130859,4172
1688595696826,-130859,4172
1688595696842,-130859,4172
1688595696857,-130859,4172
1688595696873,-130859,4172
1688595696889,-130859,4172
1688595696906,-130859,4172
1688595696928,-130859,4172
1688595696944,-130859,4172
1688595696965,-130859,4172
1688595696988,-130859,4172
1688595697006,-130859,4172
1688595697028,-130859,4172
1688595697045,-130859,4172
1688595697067,-130859,4172
1688595697087,-130859,4172
1688595697106,-130859,4172
1688595697126,-130859,4172
1688595697145,-130859,4172
1688595697164,-130859,4172
1688595697185,-130859,4172
1688595697207,-130859,4172
1688595697226,-130859,4172
1688595697246,-130859,4172
1688595697263,-130859,4172
1688595697286,-130859,4172
1688595697306,-130859,4172
1688595697325,-130859,4172
1688595697347,-130859,4172
1688595697364,-130859,4172
1688595697384,-130859,4172
1688595697403,-130859,4172
1688595697423,-130859,4172
1688595697442,-130859,4172
1688595697463,-130859,4172
1688595697485,-130859,4172
1688595697505,-130859,4172
1688595697524,-127929,4172
1688595697545,-127929,4172
1688595697565,-127929,4172
1688595697585,-127929,4172
1688595697605,-127929,4172
1688595697625,-127929,4172
1688595697644,-127929,4172
1688595697666,-127929,4172
1688595697687,-127929,4172
1688595697705,-127929,4172
1688595697727,-127929,4172
1688595697744,-127929,4172
1688595697766,-127929,4172
1688595697783,-127929,4172
1688595697799,-127929,4172
1688595697813,-127929,4172
1688595697830,-127929,4172
1688595697844,-127929,4172
1688595697861,-127929,4172
1688595697877,-127929,4172
1688595697892,-127929,4172
1688595697908,-127929,4172
1688595697925,-127929,4172
1688595697941,-127929,4172
1688595697956,-127929,4172
1688595697971,-127929,4172
1688595697988,-127929,4172
1688595698009,-127929,4172
1688595698025,-127929,4172
1688595698041,-127929,4172
1688595698058,-127929,4172
1688595698074,-127929,4172
1688595698094,-127929,4172
1688595698114,-127929,4172
1688595698134,-127929,4172
1688595698154,-127929,4172
1688595698175,-127929,4172
1688595698195,-127929,4172
1688595698216,-127929,4172
1688595698235,-127929,4172
1688595698255,-127929,4172
1688595698275,-127929,4172
1688595698296,-127929,4172
1688595698317,-127929,4172
1688595698334,-127929,4172
1688595698354,-127929,4172
1688595698374,-127929,4172
1688595698394,-127929,4172
1688595698415,-127929,4172
1688595698434,-127929,4172
1688595698455,-127929,4172
1688595698472,-127929,4172
1688595698493,-127929,4172
1688595698513,-127929,4172
1688595698534,-127929,4172
1688595698554,-127929,4172
1688595698574,-127929,4172
1688595698596,-127929,4172
1688595698615,-127929,4172
1688595698636,-127929,4172
1688595698655,-127929,4172
1688595698677,-127929,4172
1688595698696,-127929,4172
1688595698713,-127929,4172
1688595698733,-127929,4172
1688595698754,-127929,4172
1688595698774,-127929,4172
1688595698793,-127929,4172
1688595698813,-127929,4172
1688595698833,-127929,4172
1688595698853,-127929,4172
1688595698874,-127929,4172
1688595698894,-127929,4172
1688595698919,-127929,4172
1688595698934,-127929,4172
1688595698951,-127929,4172
1688595698965,-127929,4172
1688595698981,-170898,4172
1688595698995,-170898,4172
1688595699011,-170898,4172
1688595699025,-170898,4172
1688595699041,-170898,4172
1688595699055,-170898,4172
1688595699072,-170898,4172
1688595699087,-170898,4172
1688595699103,-170898,4172
1688595699119,-170898,4172
1688595699134,-170898,4172
1688595699155,-170898,4172
1688595699175,-170898,4172
1688595699197,-170898,4172
1688595699216,-170898,4172
1688595699237,-170898,4172
1688595699257,-170898,4172
1688595699276,-170898,4172
1688595699295,-170898,4172
1688595699314,-170898,4172
1688595699335,-170898,4172
1688595699356,-170898,4172
1688595699376,-170898,4172
1688595699396,-170898,4172
1688595699417,-170898,4172
1688595699434,-170898,4172
1688595699454,-170898,4172
1688595699476,-170898,4172
1688595699495,-170898,4172
1688595699517,-170898,4172
1688595699533,-170898,4172
1688595699553,-170898,4172
1688595699572,-170898,4172
1688595699588,-170898,4172
1688595699605,-170898,4172
1688595699625,-170898,4172
1688595699643,-170898,4172
1688595699667,-170898,4172
1688595699684,-170898,4172
1688595699708,-170898,4172
1688595699724,-170898,4172
1688595699745,-170898,4172
1688595699763,-170898,4172
1688595699785,-170898,4172
1688595699802,-170898,4172
1688595699822,-170898,4172
1688595699841,-170898,4172
1688595699857,-170898,4172
1688595699876,-170898,4172
1688595699895,-170898,4172
1688595699915,-170898,4172
1688595699936,-170898,4172
1688595699957,-170898,4172
1688595699973,-170898,4172
1688595699993,-170898,4172
1688595700014,-170898,4172
1688595700032,-170898,4172
1688595700048,-170898,4172
1688595700062,-170898,4172
1688595700077,-170898,4172
1688595700091,-170898,4172
1688595700106,-170898,4172
1688595700121,-170898,4172
1688595700137,-170898,4172
1688595700153,-170898,4172
1688595700171,-170898,4172
1688595700185,-170898,4172
1688595700201,-170898,4172
1688595700216,-170898,4172
1688595700231,-170898,4172
1688595700246,-170898,4172
1688595700261,-170898,4172
1688595700278,-170898,4172
1688595700294,-170898,4172
1688595700315,-170898,4172
1688595700336,-170898,4172
1688595700355,-170898,4172
1688595700376,-170898,4172
1688595700395,-170898,4172
1688595700417,-170898,4172
1688595700436,-170898,4172
1688595700457,-125488,4172
1688595700476,-125488,4172
1688595700495,-125488,4172
1688595700515,-125488,4172
1688595700536,-125488,4172
1688595700554,-125488,4172
1688595700577,-125488,4172
1688595700595,-125488,4172
1688595700615,-125488,4172
1688595700634,-125488,4172
1688595700650,-125488,4172
1688595700664,-125488,4172
1688595700681,-125488,4172
1688595700698,-125488,4172
1688595700716,-125488,4172
1688595700734,-125488,4172
1688595700756,-125488,4172
1688595700773,-125488,4172
1688595700792,-125488,4172
1688595700812,-125488,4172
1688595700832,-125488,4172
1688595700850,-125488,4172
1688595700866,-125488,4172
1688595700884,-125488,4172
1688595700905,-125488,4172
1688595700925,-125488,4172
1688595700945,-125488,4172
1688595700965,-125488,4172
1688595700985,-125488,4172
1688595701005,-125488,4172
1688595701025,-125488,4172
1688595701045,-125488,4172
1688595701061,-125488,4172
1688595701083,-125488,4172
1688595701099,-125488,4172
1688595701114,-125488,4172
1688595701130,-125488,4172
1688595701144,-125488,4172
1688595701160,-125488,4172
1688595701174,-125488,4172
1688595701190,-125488,4172
1688595701204,-125488,4172
1688595701222,-125488,4172
1688595701240,-125488,4172
1688595701254,-125488,4172
1688595701270,-125488,4172
1688595701284,-125488,4172
1688595701300,-125488,4172
1688595701315,-125488,4172
1688595701331,-125488,4172
1688595701348,-125488,4172
1688595701362,-125488,4172
1688595701379,-125488,4172
1688595701394,-125488,4172
1688595701413,-125488,4172
1688595701432,-125488,4172
1688595701452,-125488,4172
1688595701470,-125488,4172
1688595701487,-125488,4172
1688595701502,-125488,4172
1688595701522,-125488,4172
1688595701537,-125488,4172
1688595701555,-125488,4172
1688595701575,-125488,4172
1688595701593,-125488,4172
1688595701616,-125488,4172
1688595701636,-125488,4172
1688595701652,-125488,4172
1688595701669,-125488,4172
1688595701688,-125488,4172
1688595701705,-125488,4172
1688595701726,-125488,4172
1688595701744,-125488,4172
1688595701764,-125488,4172
1688595701786,-125488,4172
1688595701805,-125488,4172
1688595701827,-125488,4172
1688595701849,-125488,4172
1688595701866,-125488,4172
1688595701886,-125488,4172
1688595701906,-129882,4172
1688595701924,-129882,4172
1688595701939,-129882,4172
1688595701953,-129882,4172
1688595701970,-129882,4172
1688595701989,-129882,4172
1688595702004,-129882,4172
1688595702026,-129882,4172
1688595702045,-129882,4172
1688595702066,-129882,4172
1688595702087,-129882,4172
1688595702106,-129882,4172
1688595702127,-129882,4172
1688595702145,-129882,4172
1688595702165,-129882,4172
1688595702185,-129882,4172
1688595702210,-129882,4172
1688595702227,-129882,4172
1688595702244,-129882,4172
1688595702264,-129882,4172
1688595702282,-129882,4172
1688595702299,-129882,4172
1688595702313,-129882,4172
1688595702330,-129882,4172
1688595702345,-129882,4172
1688595702361,-129882,4172
1688595702378,-129882,4172
1688595702393,-129882,4172
1688595702409,-129882,4172
1688595702423,-129882,4172
1688595702440,-129882,4172
1688595702454,-129882,4172
1688595702469,-129882,4172
1688595702482,-129882,4172
1688595702499,-129882,4172
1688595702513,-129882,4172
1688595702533,-129882,4172
1688595702550,-129882,4172
1688595702566,-129882,4172
1688595702585,-129882,4172
1688595702605,-129882,4172
1688595702624,-129882,4172
1688595702644,-129882,4172
1688595702664,-129882,4172
1688595702685,-129882,4172
1688595702708,-129882,4172
1688595702725,-129882,4172
1688595702747,-129882,4172
1688595702764,-129882,4172
1688595702786,-129882,4172
1688595702804,-129882,4172
1688595702823,-129882,4172
1688595702839,-129882,4172
1688595702853,-129882,4172
1688595702870,-129882,4172
1688595702884,-129882,4172
1688595702899,-129882,4172
1688595702913,-129882,4172
1688595702930,-129882,4172
1688595702945,-129882,4172
1688595702961,-129882,4172
1688595702975,-129882,4172
1688595702991,-129882,4172
1688595703005,-129882,4172
1688595703020,-129882,4172
1688595703034,-129882,4172
1688595703053,-129882,4172
1688595703070,-129882,4172
1688595703085,-129882,4172
1688595703102,-129882,4172
1688595703122,-129882,4172
1688595703142,-129882,4172
1688595703160,-129882,4172
1688595703177,-129882,4172
1688595703196,-129882,4172
1688595703214,-129882,4172
1688595703235,-129882,4172
1688595703254,-129882,4172
1688595703275,-129882,4172
1688595703295,-129882,4172
1688595703313,-129882,4172
1688595703333,-129882,4172
1688595703352,-129882,4172
1688595703368,-125976,4172
1688595703385,-125976,4172
1688595703404,-125976,4172
1688595703419,-125976,4172
1688595703433,-125976,4172
1688595703450,-125976,4172
1688595703468,-125976,4172
1688595703483,-125976,4172
1688595703498,-125976,4172
1688595703513,-125976,4172
1688595703529,-125976,4172
1688595703544,-125976,4172
1688595703560,-125976,4172
1688595703574,-125976,4172
1688595703591,-125976,4172
1688595703606,-125976,4172
1688595703621,-125976,4172
1688595703636,-125976,4172
1688595703655,-125976,4172
1688595703676,-125976,4172
1688595703696,-125976,4172
1688595703715,-125976,4172
1688595703734,-125976,4172
1688595703755,-125976,4172
1688595703776,-125976,4172
1688595703796,-125976,4172
1688595703815,-125976,4172
1688595703835,-125976,4172
1688595703856,-125976,4172
1688595703880,-125976,4172
1688595703897,-125976,4172
1688595703913,-125976,4172
1688595703932,-125976,4172
1688595703953,-125976,4172
1688595703973,-125976,4172
1688595703994,-125976,4172
1688595704015,-125976,4172
1688595704035,-125976,4172
1688595704056,-125976,4172
1688595704073,-125976,4172
1688595704094,-125976,4172
1688595704115,-125976,4172
1688595704137,-125976,4172
1688595704160,-125976,4172
1688595704187,-125976,4172
1688595704202,-125976,4172
1688595704217,-125976,4172
1688595704235,-125976,4172
1688595704250,-125976,4172
1688595704264,-125976,4172
1688595704280,-125976,4172
1688595704296,-125976,4172
1688595704315,-125976,4172
1688595704334,-125976,4172
1688595704354,-125976,4172
1688595704372,-125976,4172
1688595704393,-125976,4172
1688595704412,-125976,4172
1688595704430,-125976,4172
1688595704452,-125976,4172
1688595704471,-125976,4172
1688595704493,-125976,4172
1688595704512,-125976,4172
1688595704530,-125976,4172
1688595704547,-125976,4172
1688595704564,-125976,4172
1688595704582,-125976,4172
1688595704598,-125976,4172
1688595704615,-125976,4172
1688595704633,-125976,4172
1688595704649,-125976,4172
1688595704664,-125976,4172
1688595704681,-125976,4172
1688595704696,-125976,4172
1688595704711,-125976,4172
1688595704725,-125976,4172
1688595704744,-125976,4172
1688595704761,-125976,4172
1688595704775,-125976,4172
1688595704793,-125976,4172
1688595704811,-125976,4172
1688595704826,-203613,4172
1688595704841,-203613,4172
1688595704855,-203613,4172
1688595704871,-203613,4172
1688595704886,-203613,4172
1688595704903,-203613,4172
1688595704929,-203613,4172
1688595704949,-203613,4172
1688595704962,-203613,4172
1688595704977,-203613,4172
1688595704994,-203613,4172
1688595705015,-203613,4172
1688595705034,-203613,4172
1688595705054,-203613,4172
1688595705074,-203613,4172
1688595705099,-203613,4172
1688595705116,-203613,4172
1688595705134,-203613,4172
1688595705155,-203613,4172
1688595705174,-203613,4172
1688595705193,-203613,4172
1688595705213,-203613,4172
1688595705229,-203613,4172
1688595705245,-203613,4172
1688595705263,-203613,4172
1688595705282,-203613,4172
1688595705299,-203613,4172
1688595705315,-203613,4172
1688595705335,-203613,4172
1688595705356,-203613,4172
1688595705376,-203613,4172
1688595705395,-203613,4172
1688595705414,-203613,4172
1688595705436,-203613,4172
1688595705456,-203613,4172
1688595705475,-203613,4172
1688595705496,-203613,4172
1688595705515,-203613,4172
1688595705535,-203613,4172
1688595705556,-203613,4172
1688595705574,-203613,4172
1688595705594,-203613,4172
1688595705616,-203613,4172
1688595705635,-203613,4172
1688595705654,-203613,4172
1688595705674,-203613,4172
1688595705694,-203613,4172
1688595705715,-203613,4172
1688595705745,-203613,4172
1688595705763,-203613,4172
1688595705778,-203613,4172
1688595705793,-203613,4172
1688595705808,-203613,4172
1688595705823,-203613,4172
1688595705839,-203613,4172
1688595705858,-203613,4172
1688595705873,-203613,4172
1688595705889,-203613,4172
1688595705904,-203613,4172
1688595705920,-203613,4172
1688595705935,-203613,4172
1688595705951,-203613,4172
1688595705965,-203613,4172
1688595705981,-203613,4172
1688595705996,-203613,4172
1688595706018,-203613,4172
1688595706036,-203613,4172
1688595706053,-203613,4172
1688595706070,-203613,4172
1688595706086,-203613,4172
1688595706105,-203613,4172
1688595706124,-203613,4172
1688595706144,-203613,4172
1688595706164,-203613,4172
1688595706185,-203613,4172
1688595706205,-203613,4172
1688595706225,-203613,4172
1688595706245,-203613,4172
1688595706264,-203613,4172
1688595706284,-123046,4172
1688595706304,-123046,4172
1688595706326,-123046,4172
1688595706344,-123046,4172
1688595706365,-123046,4172
1688595706385,-123046,4172
1688595706405,-123046,4172
1688595706425,-123046,4172
1688595706445,-123046,4172
1688595706465,-123046,4172
1688595706487,-123046,4172
1688595706505,-123046,4172
1688595706527,-123046,4172
1688595706546,-123046,4172
1688595706565,-123046,4172
1688595706585,-123046,4172
1688595706606,-123046,4172
1688595706623,-123046,4172
1688595706641,-123046,4172
1688595706659,-123046,4172
1688595706675,-123046,4172
1688595706692,-123046,4172
1688595706713,-123046,4172
1688595706731,-123046,4172
1688595706747,-123046,4172
1688595706765,-123046,4172
1688595706786,-123046,4172
1688595706801,-123046,4172
1688595706818,-123046,4172
1688595706833,-123046,4172
1688595706850,-123046,4172
1688595706866,-123046,4172
1688595706885,-123046,4172
1688595706903,-123046,4172
1688595706920,-123046,4172
1688595706934,-123046,4172
1688595706951,-123046,4172
1688595706966,-123046,4172
1688595706981,-123046,4172
1688595706995,-123046,4172
1688595707010,-123046,4172
1688595707024,-123046,4172
1688595707040,-123046,4172
1688595707054,-123046,4172
1688595707071,-123046,4172
1688595707086,-123046,4172
1688595707102,-123046,4172
1688595707116,-123046,4172
1688595707136,-123046,4172
1688595707154,-123046,4172
1688595707172,-123046,4172
1688595707192,-123046,4172
1688595707208,-123046,4172
1688595707223,-123046,4172
1688595707244,-123046,4172
1688595707262,-123046,4172
1688595707278,-123046,4172
1688595707297,-123046,4172
1688595707312,-123046,4172
1688595707327,-123046,4172
1688595707343,-123046,4172
1688595707358,-123046,4172
1688595707372,-123046,4172
1688595707388,-123046,4172
1688595707404,-123046,4172
1688595707424,-123046,4172
1688595707443,-123046,4172
1688595707463,-123046,4172
1688595707483,-123046,4172
1688595707503,-123046,4172
1688595707523,-123046,4172
1688595707543,-123046,4172
1688595707562,-123046,4172
1688595707582,-123046,4172
1688595707599,-123046,4172
1688595707615,-123046,4172
1688595707634,-123046,4172
1688595707653,-123046,4172
1688595707673,-123046,4172
1688595707690,-123046,4172
1688595707706,-123046,4172
1688595707724,-123046,4172
1688595707743,-131835,4172
1688595707760,-131835,4172
1688595707776,-131835,4172
1688595707794,-131835,4172
1688595707811,-131835,4172
1688595707827,-131835,4172
1688595707844,-131835,4172
1688595707866,-131835,4172
1688595707883,-131835,4172
1688595707905,-131835,4172
1688595707924,-131835,4172
1688595707943,-131835,4172
1688595707958,-131835,4172
1688595707971,-131835,4172
1688595707985,-131835,4172
1688595708002,-131835,4172
1688595708017,-131835,4172
1688595708033,-131835,4172
1688595708048,-131835,4172
1688595708063,-131835,4172
1688595708079,-131835,4172
1688595708093,-131835,4172
1688595708111,-131835,4172
1688595708126,-131835,4172
1688595708141,-131835,4172
1688595708155,-131835,4172
1688595708171,-131835,4172
1688595708189,-131835,4172
1688595708204,-131835,4172
1688595708219,-131835,4172
1688595708234,-131835,4172
1688595708251,-131835,4172
1688595708267,-131835,4172
1688595708284,-131835,4172
1688595708304,-131835,4172
1688595708323,-131835,4172
1688595708343,-131835,4172
1688595708361,-131835,4172
1688595708378,-131835,4172
1688595708398,-131835,4172
1688595708422,-131835,4172
1688595708440,-131835,4172
1688595708456,-131835,4172
1688595708474,-131835,4172
1688595708493,-131835,4172
1688595708511,-131835,4172
1688595708529,-131835,4172
1688595708544,-131835,4172
1688595708562,-131835,4172
1688595708578,-131835,4172
1688595708594,-131835,4172
1688595708617,-131835,4172
1688595708635,-131835,4172
1688595708654,-131835,4172
1688595708675,-131835,4172
1688595708695,-131835,4172
1688595708715,-131835,4172
1688595708734,-131835,4172
1688595708754,-131835,4172
1688595708774,-131835,4172
1688595708791,-131835,4172
1688595708812,-131835,4172
1688595708832,-131835,4172
1688595708852,-131835,4172
1688595708867,-131835,4172
1688595708885,-131835,4172
1688595708904,-131835,4172
1688595708921,-131835,4172
1688595708937,-131835,4172
1688595708956,-131835,4172
1688595708974,-131835,4172
1688595708994,-131835,4172
1688595709015,-131835,4172
1688595709035,-131835,4172
1688595709055,-131835,4172
1688595709075,-131835,4172
1688595709094,-131835,4172
1688595709111,-131835,4172
1688595709131,-131835,4172
1688595709147,-131835,4172
1688595709165,-131835,4172
1688595709184,-131835,4172
1688595709199,-134765,4172
1688595709214,-134765,4172
1688595709235,-134765,4172
1688595709251,-134765,4172
1688595709265,-134765,4172
1688595709280,-134765,4172
1688595709294,-134765,4172
1688595709310,-134765,4172
1688595709325,-134765,4172
1688595709341,-134765,4172
1688595709355,-134765,4172
1688595709371,-134765,4172
1688595709385,-134765,4172
1688595709400,-134765,4172
1688595709413,-134765,4172
1688595709430,-134765,4172
1688595709444,-134765,4172
1688595709459,-134765,4172
1688595709473,-134765,4172
1688595709493,-134765,4172
1688595709513,-134765,4172
1688595709532,-134765,4172
1688595709552,-134765,4172
1688595709572,-134765,4172
1688595709587,-134765,4172
1688595709603,-134765,4172
1688595709623,-134765,4172
1688595709642,-134765,4172
1688595709658,-134765,4172
1688595709675,-134765,4172
1688595709691,-134765,4172
1688595709705,-134765,4172
1688595709720,-134765,4172
1688595709734,-134765,4172
1688595709750,-134765,4172
1688595709764,-134765,4172
1688595709780,-134765,4172
1688595709794,-134765,4172
1688595709810,-134765,4172
1688595709824,-134765,4172
1688595709839,-134765,4172
1688595709853,-134765,4172
1688595709868,-134765,4172
1688595709883,-134765,4172
1688595709903,-134765,4172
1688595709919,-134765,4172
1688595709934,-134765,4172
1688595709954,-134765,4172
1688595709973,-134765,4172
1688595709993,-134765,4172
1688595710015,-134765,4172
1688595710034,-134765,4172
1688595710053,-134765,4172
1688595710073,-134765,4172
1688595710093,-134765,4172
1688595710113,-134765,4172
1688595710128,-134765,4172
1688595710145,-134765,4172
1688595710162,-134765,4172
1688595710183,-134765,4172
1688595710200,-134765,4172
1688595710216,-134765,4172
1688595710235,-134765,4172
1688595710254,-134765,4172
1688595710274,-134765,4172
1688595710294,-134765,4172
1688595710314,-134765,4172
1688595710332,-134765,4172
1688595710352,-134765,4172
1688595710368,-134765,4172
1688595710384,-134765,4172
1688595710402,-134765,4172
1688595710420,-134765,4172
1688595710435,-134765,4172
1688595710451,-134765,4172
1688595710464,-134765,4172
1688595710480,-134765,4172
1688595710494,-134765,4172
1688595710510,-134765,4172
1688595710524,-134765,4172
1688595710540,-134765,4172
1688595710554,-134765,4172
1688595710570,-134765,4172
1688595710584,-134765,4172
1688595710599,-134765,4172
1688595710614,-134765,4172
1688595710635,-134765,4172
1688595710654,-179687,4172
1688595710676,-179687,4172
1688595710694,-179687,4172
1688595710712,-179687,4172
1688595710728,-179687,4172
1688595710744,-179687,4172
1688595710761,-179687,4172
1688595710777,-179687,4172
1688595710794,-179687,4172
1688595710814,-179687,4172
1688595710833,-179687,4172
1688595710852,-179687,4172
1688595710869,-179687,4172
1688595710885,-179687,4172
1688595710904,-179687,4172
1688595710924,-179687,4172
1688595710950,-179687,4172
1688595710967,-179687,4172
1688595710983,-179687,4172
1688595711003,-179687,4172
1688595711026,-179687,4172
1688595711045,-179687,4172
1688595711063,-179687,4172
1688595711078,-179687,4172
1688595711094,-179687,4172
1688595711114,-179687,4172
1688595711134,-179687,4172
1688595711152,-179687,4172
1688595711172,-179687,4172
1688595711189,-179687,4172
1688595711209,-179687,4172
1688595711227,-179687,4172
1688595711244,-179687,4172
1688595711267,-179687,4172
1688595711290,-179687,4172
1688595711309,-179687,4172
1688595711330,-179687,4172
1688595711344,-179687,4172
1688595711358,-179687,4172
1688595711371,-179687,4172
1688595711384,-179687,4172
1688595711402,-179687,4172
1688595711417,-179687,4172
1688595711434,-179687,4172
1688595711454,-179687,4172
1688595711471,-179687,4172
1688595711487,-179687,4172
1688595711504,-179687,4172
1688595711520,-179687,4172
1688595711534,-179687,4172
1688595711549,-179687,4172
1688595711562,-179687,4172
1688595711579,-179687,4172
1688595711593,-179687,4172
1688595711609,-179687,4172
1688595711622,-179687,4172
1688595711639,-179687,4172
1688595711652,-179687,4172
1688595711667,-179687,4172
1688595711682,-179687,4172
1688595711698,-179687,4172
1688595711712,-179687,4172
1688595711727,-179687,4172
1688595711743,-179687,4172
1688595711760,-179687,4172
1688595711776,-179687,4172
1688595711793,-179687,4172
1688595711808,-179687,4172
1688595711825,-179687,4172
1688595711844,-179687,4172
1688595711864,-179687,4172
1688595711884,-179687,4172
1688595711904,-179687,4172
1688595711920,-179687,4172
1688595711934,-179687,4172
1688595711952,-179687,4172
1688595711967,-179687,4172
1688595711984,-179687,4172
1688595712004,-179687,4172
1688595712023,-179687,4172
1688595712043,-179687,4172
1688595712062,-179687,4172
1688595712078,-179687,4172
1688595712093,-179687,4172
1688595712110,-179687,4172
1688595712127,-129882,4172
1688595712144,-129882,4172
1688595712163,-129882,4172
1688595712183,-129882,4172
1688595712202,-129882,4172
1688595712222,-129882,4172
1688595712237,-129882,4172
1688595712255,-129882,4172
1688595712272,-129882,4172
1688595712292,-129882,4172
1688595712310,-129882,4172
1688595712325,-129882,4172
1688595712345,-129882,4172
1688595712364,-129882,4172
1688595712385,-129882,4172
1688595712404,-129882,4172
1688595712422,-129882,4172
1688595712438,-129882,4172
1688595712453,-129882,4172
1688595712470,-129882,4172
1688595712487,-129882,4172
1688595712504,-129882,4172
1688595712524,-129882,4172
1688595712544,-129882,4172
1688595712564,-129882,4172
1688595712583,-129882,4172
1688595712604,-129882,4172
1688595712620,-129882,4172
1688595712636,-129882,4172
1688595712651,-129882,4172
1688595712665,-129882,4172
1688595712689,-129882,4172
1688595712704,-129882,4172
1688595712719,-129882,4172
1688595712733,-129882,4172
1688595712747,-129882,4172
1688595712762,-129882,4172
1688595712778,-129882,4172
1688595712793,-129882,4172
1688595712809,-129882,4172
1688595712823,-129882,4172
1688595712838,-129882,4172
1688595712853,-129882,4172
1688595712869,-129882,4172
1688595712884,-129882,4172
1688595712900,-129882,4172
1688595712916,-129882,4172
1688595712934,-129882,4172
1688595712950,-129882,4172
1688595712966,-129882,4172
1688595712984,-129882,4172
1688595713004,-129882,4172
1688595713024,-129882,4172
1688595713044,-129882,4172
1688595713064,-129882,4172
1688595713084,-129882,4172
1688595713167,-129882,4172
1688595713180,-129882,4172
1688595713195,-129882,4172
1688595713214,-129882,4172
1688595713232,-129882,4172
1688595713247,-129882,4172
1688595713264,-129882,4172
1688595713284,-129882,4172
1688595713303,-129882,4172
1688595713322,-129882,4172
1688595713342,-129882,4172
1688595713361,-129882,4172
1688595713378,-129882,4172
1688595713393,-129882,4172
1688595713413,-129882,4172
1688595713432,-129882,4172
1688595713454,-129882,4172
1688595713470,-129882,4172
1688595713485,-129882,4172
1688595713500,-129882,4172
1688595713515,-129882,4172
1688595713530,-129882,4172
1688595713545,-129882,4172
1688595713564,-129882,4172
1688595713582,-156249,4172
1688595713599,-156249,4172
1688595713614,-156249,4172
1688595713633,-156249,4172
1688595713653,-156249,4172
1688595713672,-156249,4172
1688595713692,-156249,4172
1688595713715,-156249,4172
1688595713733,-156249,4172
1688595713748,-156249,4172
1688595713762,-156249,4172
1688595713777,-156249,4172
1688595713789,-156249,4172
1688595713801,-156249,4172
1688595713813,-156249,4172
1688595713825,-156249,4172
1688595713838,-156249,4172
1688595713850,-156249,4172
1688595713862,-156249,4172
1688595713877,-156249,4172
1688595713892,-156249,4172
1688595713908,-156249,4172
1688595713922,-156249,4172
1688595713936,-156249,4172
1688595713951,-156249,4172
1688595713965,-156249,4172
1688595713980,-156249,4172
1688595713995,-156249,4172
1688595714015,-156249,4172
1688595714036,-156249,4172
1688595714050,-156249,4172
1688595714063,-156249,4172
1688595714079,-156249,4172
1688595714094,-156249,4172
1688595714112,-156249,4172
1688595714132,-156249,4172
1688595714151,-156249,4172
1688595714178,-156249,4172
1688595714195,-156249,4172
1688595714216,-156249,4172
1688595714237,-156249,4172
1688595714256,-156249,4172
1688595714274,-156249,4172
1688595714294,-156249,4172
1688595714311,-156249,4172
1688595714326,-156249,4172
1688595714343,-156249,4172
1688595714364,-156249,4172
1688595714381,-156249,4172
1688595714397,-156249,4172
1688595714416,-156249,4172
1688595714437,-156249,4172
1688595714455,-156249,4172
1688595714474,-156249,4172
1688595714495,-156249,4172
1688595714515,-156249,4172
1688595714535,-156249,4172
1688595714554,-156249,4172
1688595714574,-156249,4172
1688595714594,-156249,4172
1688595714614,-156249,4172
1688595714635,-156249,4172
1688595714657,-156249,4172
1688595714676,-156249,4172
1688595714695,-156249,4172
1688595714716,-156249,4172
1688595714739,-156249,4172
1688595714754,-156249,4172
1688595714768,-156249,4172
1688595714782,-156249,4172
1688595714795,-156249,4172
1688595714809,-156249,4172
1688595714822,-156249,4172
1688595714838,-156249,4172
1688595714851,-156249,4172
1688595714864,-156249,4172
1688595714878,-156249,4172
1688595714891,-156249,4172
1688595714904,-156249,4172
1688595714918,-156249,4172
1688595714931,-156249,4172
1688595714944,-156249,4172
1688595714959,-156249,4172
1688595714972,-156249,4172
1688595714987,-156249,4172
1688595715000,-156249,4172
1688595715013,-156249,4172
1688595715028,-269531,4172
1688595715042,-269531,4172
1688595715055,-269531,4172
1688595715069,-269531,4172
1688595715082,-269531,4172
1688595715096,-269531,4172
1688595715109,-269531,4172
1688595715123,-269531,4172
1688595715137,-269531,4172
1688595715150,-269531,4172
1688595715163,-269531,4172
1688595715176,-269531,4172
1688595715190,-269531,4172
1688595715203,-269531,4172
1688595715218,-269531,4172
1688595715231,-269531,4172
1688595715244,-269531,4172
1688595715257,-269531,4172
1688595715269,-269531,4172
1688595715281,-269531,4172
1688595715293,-269531,4172
1688595715306,-269531,4172
1688595715318,-269531,4172
1688595715329,-269531,4172
1688595715341,-269531,4172
1688595715353,-269531,4172
1688595715366,-269531,4172
1688595715378,-269531,4172
1688595715391,-269531,4172
1688595715405,-269531,4172
1688595715419,-269531,4172
1688595715432,-269531,4172
1688595715447,-269531,4172
1688595715460,-269531,4172
1688595715473,-269531,4172
1688595715488,-269531,4172
1688595715501,-269531,4172
1688595715514,-269531,4172
1688595715529,-269531,4172
1688595715542,-269531,4172
1688595715556,-269531,4172
1688595715569,-269531,4172
1688595715582,-269531,4172
1688595715597,-269531,4172
1688595715610,-269531,4172
1688595715623,-269531,4172
1688595715637,-269531,4172
1688595715650,-269531,4172
1688595715663,-269531,4172
1688595715678,-269531,4172
1688595715691,-269531,4172
1688595715705,-269531,4172
1688595715719,-269531,4172
1688595715733,-269531,4172
1688595715747,-269531,4172
1688595715761,-269531,4172
1688595715774,-269531,4172
1688595715788,-269531,4172
1688595715801,-269531,4172
1688595715815,-269531,4172
1688595715828,-269531,4172
1688595715842,-269531,4172
1688595715856,-269531,4172
1688595715870,-269531,4172
1688595715883,-269531,4172
1688595715896,-269531,4172
1688595715910,-269531,4172
1688595715923,-269531,4172
1688595715937,-269531,4172
1688595715951,-269531,4172
1688595715964,-269531,4172
1688595715977,-269531,4172
1688595715991,-269531,4172
1688595716004,-269531,4172
1688595716017,-269531,4172
1688595716031,-269531,4172
1688595716044,-269531,4172
1688595716059,-269531,4172
1688595716071,-269531,4172
1688595716085,-269531,4172
1688595716099,-269531,4172
1688595716113,-269531,4172
1688595716127,-269531,4172
1688595716140,-269531,4172
1688595716153,-269531,4172
1688595716166,-269531,4172
1688595716180,-269531,4172
1688595716193,-269531,4172
1688595716207,-269531,4172
1688595716220,-269531,4172
1688595716233,-269531,4172
1688595716248,-269531,4172
1688595716261,-269531,4172
1688595716274,-269531,4172
1688595716288,-269531,4172
1688595716301,-269531,4172
1688595716315,-269531,4172
1688595716328,-269531,4172
1688595716341,-269531,4172
1688595716356,-269531,4172
1688595716369,-269531,4172
1688595716383,-269531,4172
1688595716398,-269531,4172
1688595716411,-269531,4172
1688595716427,-269531,4172
1688595716440,-269531,4172
1688595716453,-269531,4172
1688595716467,-269531,4172
1688595716481,-269531,4172
1688595716494,-258788,4172
1688595716509,-258788,4172
1688595716522,-258788,4172
1688595716536,-258788,4172
1688595716550,-258788,4172
1688595716564,-258788,4172
1688595716577,-258788,4172
1688595716590,-258788,4172
1688595716602,-258788,4172
1688595716617,-258788,4172
1688595716632,-258788,4172
1688595716646,-258788,4172
1688595716659,-258788,4172
1688595716673,-258788,4172
1688595716686,-258788,4172
1688595716700,-258788,4172
1688595716713,-258788,4172
1688595716727,-258788,4172
1688595716740,-258788,4172
1688595716753,-258788,4172
1688595716766,-258788,4172
1688595716780,-258788,4172
1688595716793,-258788,4172
1688595716806,-258788,4172
1688595716820,-258788,4172
1688595716833,-258788,4172
1688595716846,-258788,4172
1688595716860,-258788,4172
1688595716873,-258788,4172
1688595716886,-258788,4172
1688595716900,-258788,4172
1688595716913,-258788,4172
1688595716927,-258788,4172
1688595716940,-258788,4172
1688595716953,-258788,4172
1688595716967,-258788,4172
1688595716980,-258788,4172
1688595716993,-258788,4172
1688595717006,-258788,4172
1688595717020,-258788,4172
1688595717033,-258788,4172
1688595717047,-258788,4172
1688595717060,-258788,4172
1688595717073,-258788,4172
1688595717087,-258788,4172
1688595717100,-258788,4172
1688595717113,-258788,4172
1688595717127,-258788,4172
1688595717140,-258788,4172
1688595717153,-258788,4172
1688595717167,-258788,4172
1688595717180,-258788,4172
1688595717193,-258788,4172
1688595717207,-258788,4172
1688595717221,-258788,4172
1688595717234,-258788,4172
1688595717249,-258788,4172
1688595717262,-258788,4172
1688595717275,-258788,4172
1688595717289,-258788,4172
1688595717302,-258788,4172
1688595717317,-258788,4172
1688595717330,-258788,4172
1688595717342,-258788,4172
1688595717357,-258788,4172
1688595717370,-258788,4172
1688595717383,-258788,4172
1688595717398,-258788,4172
1688595717411,-258788,4172
1688595717426,-258788,4172
1688595717440,-258788,4172
1688595717453,-258788,4172
1688595717468,-258788,4172
1688595717481,-258788,4172
1688595717494,-258788,4172
1688595717508,-258788,4172
1688595717521,-258788,4172
1688595717534,-258788,4172
1688595717549,-258788,4172
1688595717562,-258788,4172
1688595717577,-258788,4172
1688595717590,-258788,4172
1688595717603,-258788,4172
1688595717618,-258788,4172
1688595717631,-258788,4172
1688595717644,-258788,4172
1688595717659,-258788,4172
1688595717672,-258788,4172
1688595717686,-258788,4172
1688595717700,-258788,4172
1688595717713,-258788,4172
1688595717726,-258788,4172
1688595717740,-258788,4172
1688595717753,-258788,4172
1688595717766,-258788,4172
1688595717780,-258788,4172
1688595717792,-258788,4172
1688595717805,-258788,4172
1688595717819,-258788,4172
1688595717832,-258788,4172
1688595717845,-258788,4172
1688595717858,-258788,4172
1688595717872,-258788,4172
1688595717885,-258788,4172
1688595717899,-258788,4172
1688595717913,-258788,4172
1688595717926,-258788,4172
1688595717940,-258788,4172
1688595717952,-261718,4172
1688595717967,-261718,4172
1688595717981,-261718,4172
1688595717994,-261718,4172
1688595718008,-261718,4172
1688595718021,-261718,4172
1688595718034,-261718,4172
1688595718048,-261718,4172
1688595718061,-261718,4172
1688595718074,-261718,4172
1688595718088,-261718,4172
1688595718101,-261718,4172
1688595718114,-261718,4172
1688595718129,-261718,4172
1688595718142,-261718,4172
1688595718155,-261718,4172
1688595718169,-261718,4172
1688595718182,-261718,4172
1688595718197,-261718,4172
1688595718210,-261718,4172
1688595718223,-261718,4172
1688595718238,-261718,4172
1688595718251,-261718,4172
1688595718264,-261718,4172
1688595718278,-261718,4172
1688595718291,-261718,4172
1688595718304,-261718,4172
1688595718318,-261718,4172
1688595718331,-261718,4172
1688595718348,-261718,4172
1688595718361,-261718,4172
1688595718374,-261718,4172
1688595718389,-261718,4172
1688595718402,-261718,4172
1688595718416,-261718,4172
1688595718430,-261718,4172
1688595718443,-261718,4172
1688595718458,-261718,4172
1688595718471,-261718,4172
1688595718484,-261718,4172
1688595718499,-261718,4172
1688595718512,-261718,4172
1688595718526,-261718,4172
1688595718540,-261718,4172
1688595718552,-261718,4172
1688595718567,-261718,4172
1688595718580,-261718,4172
1688595718593,-261718,4172
1688595718608,-261718,4172
1688595718622,-261718,4172
1688595718635,-261718,4172
1688595718649,-261718,4172
1688595718662,-261718,4172
1688595718676,-261718,4172
1688595718690,-261718,4172
1688595718703,-261718,4172
1688595718716,-261718,4172
1688595718730,-261718,4172
1688595718743,-261718,4172
1688595718756,-261718,4172
1688595718769,-261718,4172
1688595718782,-261718,4172
1688595718796,-261718,4172
1688595718809,-261718,4172
1688595718822,-261718,4172
1688595718836,-261718,4172
1688595718850,-261718,4172
1688595718863,-261718,4172
1688595718876,-261718,4172
1688595718890,-261718,4172
1688595718902,-261718,4172
1688595718915,-261718,4172
1688595718928,-261718,4172
1688595718942,-261718,4172
1688595718956,-261718,4172
1688595718969,-261718,4172
1688595718982,-261718,4172
1688595718996,-261718,4172
1688595719009,-261718,4172
1688595719022,-261718,4172
1688595719036,-261718,4172
1688595719049,-261718,4172
1688595719062,-261718,4172
1688595719076,-261718,4172
1688595719090,-261718,4172
1688595719102,-261718,4172
1688595719116,-261718,4172
1688595719129,-261718,4172
1688595719142,-261718,4172
1688595719156,-261718,4172
1688595719169,-261718,4172
1688595719182,-261718,4172
1688595719196,-261718,4172
1688595719209,-261718,4172
1688595719222,-261718,4172
1688595719235,-261718,4172
1688595719249,-261718,4172
1688595719262,-261718,4172
1688595719276,-261718,4172
1688595719289,-261718,4172
1688595719302,-261718,4172
1688595719315,-261718,4172
1688595719329,-261718,4172
1688595719342,-261718,4172
1688595719355,-261718,4172
1688595719369,-261718,4172
1688595719382,-261718,4172
1688595719396,-261718,4172
1688595719409,-259277,4172
1688595719422,-259277,4172
1688595719435,-259277,4172
1688595719449,-259277,4172
1688595719462,-259277,4172
1688595719476,-259277,4172
1688595719489,-259277,4172
1688595719502,-259277,4172
1688595719515,-259277,4172
1688595719529,-259277,4172
1688595719542,-259277,4172
1688595719556,-259277,4172
1688595719569,-259277,4172
1688595719582,-259277,4172
1688595719596,-259277,4172
1688595719617,-259277,4172
1688595719630,-259277,4172
1688595719643,-259277,4172
1688595719656,-259277,4172
1688595719670,-259277,4172
1688595719682,-259277,4172
1688595719697,-259277,4172
1688595719710,-259277,4172
1688595719723,-259277,4172
1688595719738,-259277,4172
1688595719752,-259277,4172
1688595719764,-259277,4172
1688595719779,-259277,4172
1688595719792,-259277,4172
1688595719805,-259277,4172
1688595719819,-259277,4172
1688595719832,-259277,4172
1688595719847,-259277,4172
1688595719860,-259277,4172
1688595719873,-259277,4172
1688595719888,-259277,4172
1688595719907,-259277,4172
1688595719924,-259277,4172
1688595719938,-259277,4172
1688595719952,-259277,4172
1688595719966,-259277,4172
1688595719984,-259277,4172
1688595720003,-259277,4172
1688595720018,-259277,4172
1688595720037,-259277,4172
1688595720052,-259277,4172
1688595720068,-259277,4172
1688595720082,-259277,4172
1688595720096,-259277,4172
1688595720111,-259277,4172
1688595720125,-259277,4172
1688595720141,-259277,4172
1688595720155,-259277,4172
1688595720169,-259277,4172
1688595720182,-259277,4172
1688595720197,-259277,4172
1688595720212,-259277,4172
1688595720229,-259277,4172
1688595720243,-259277,4172
1688595720259,-259277,4172
1688595720273,-259277,4172
1688595720288,-259277,4172
1688595720302,-259277,4172
1688595720316,-259277,4172
1688595720330,-259277,4172
1688595720343,-259277,4172
1688595720357,-259277,4172
1688595720372,-259277,4172
1688595720389,-259277,4172
1688595720405,-259277,4172
1688595720424,-259277,4172
1688595720440,-259277,4172
1688595720455,-259277,4172
1688595720474,-259277,4172
1688595720494,-259277,4172
1688595720514,-259277,4172
1688595720534,-259277,4172
1688595720554,-259277,4172
1688595720573,-259277,4172
1688595720592,-259277,4172
1688595720608,-259277,4172
1688595720624,-259277,4172
1688595720643,-259277,4172
1688595720663,-259277,4172
1688595720679,-259277,4172
1688595720694,-259277,4172
1688595720711,-259277,4172
1688595720728,-259277,4172
1688595720744,-259277,4172
1688595720760,-259277,4172
1688595720775,-259277,4172
1688595720794,-259277,4172
1688595720814,-259277,4172
1688595720834,-259277,4172
1688595720851,-259277,4172
1688595720867,-128417,4172
1688595720885,-128417,4172
1688595720904,-128417,4172
1688595720920,-128417,4172
1688595720935,-128417,4172
1688595720953,-128417,4172
1688595720973,-128417,4172
1688595720992,-128417,4172
1688595721008,-128417,4172
1688595721026,-128417,4172
1688595721041,-128417,4172
1688595721056,-128417,4172
1688595721073,-128417,4172
1688595721093,-128417,4172
1688595721109,-128417,4172
1688595721124,-128417,4172
1688595721140,-128417,4172
1688595721156,-128417,4172
1688595721174,-128417,4172
1688595721193,-128417,4172
1688595721211,-128417,4172
1688595721225,-128417,4172
1688595721241,-128417,4172
1688595721254,-128417,4172
1688595721269,-128417,4172
1688595721282,-128417,4172
1688595721299,-128417,4172
1688595721313,-128417,4172
1688595721329,-128417,4172
1688595721343,-128417,4172
1688595721359,-128417,4172
1688595721372,-128417,4172
1688595721387,-128417,4172
1688595721402,-128417,4172
1688595721416,-128417,4172
1688595721430,-128417,4172
1688595721444,-128417,4172
1688595721466,-128417,4172
1688595721484,-128417,4172
1688595721505,-128417,4172
1688595721524,-128417,4172
1688595721543,-128417,4172
1688595721564,-128417,4172
1688595721584,-128417,4172
1688595721604,-128417,4172
1688595721624,-128417,4172
1688595721643,-128417,4172
1688595721671,-128417,4172
1688595721688,-128417,4172
1688595721704,-128417,4172
1688595721723,-128417,4172
1688595721743,-128417,4172
1688595721763,-128417,4172
1688595721777,-128417,4172
1688595721794,-128417,4172
1688595721814,-128417,4172
1688595721831,-128417,4172
1688595721846,-128417,4172
1688595721865,-128417,4172
1688595721884,-128417,4172
1688595721904,-128417,4172
1688595721924,-128417,4172
1688595721945,-128417,4172
1688595721964,-128417,4172
1688595721984,-128417,4172
1688595722001,-128417,4172
1688595722017,-128417,4172
1688595722034,-128417,4172
1688595722054,-128417,4172
1688595722072,-128417,4172
1688595722092,-128417,4172
1688595722109,-128417,4172
1688595722124,-128417,4172
1688595722143,-128417,4172
1688595722163,-128417,4172
1688595722183,-128417,4172
1688595722202,-128417,4172
1688595722223,-128417,4172
1688595722243,-128417,4172
1688595722262,-128417,4172
1688595722278,-128417,4172
1688595722294,-128417,4172
1688595722312,-128417,4172
1688595722335,-122558,4172
1688595722352,-122558,4172
1688595722366,-122558,4172
1688595722381,-122558,4172
1688595722394,-122558,4172
1688595722410,-122558,4172
1688595722424,-122558,4172
1688595722440,-122558,4172
1688595722453,-122558,4172
1688595722468,-122558,4172
1688595722482,-122558,4172
1688595722498,-122558,4172
1688595722514,-122558,4172
1688595722530,-122558,4172
1688595722547,-122558,4172
1688595722561,-122558,4172
1688595722580,-122558,4172
1688595722596,-122558,4172
1688595722613,-122558,4172
1688595722631,-122558,4172
1688595722646,-122558,4172
1688595722664,-122558,4172
1688595722679,-122558,4172
1688595722700,-122558,4172
1688595722714,-122558,4172
1688595722731,-122558,4172
1688595722745,-122558,4172
1688595722760,-122558,4172
1688595722774,-122558,4172
1688595722788,-122558,4172
1688595722802,-122558,4172
1688595722817,-122558,4172
1688595722833,-122558,4172
1688595722852,-122558,4172
1688595722868,-122558,4172
1688595722883,-122558,4172
1688595722902,-122558,4172
1688595722917,-122558,4172
1688595722934,-122558,4172
1688595722950,-122558,4172
1688595722964,-122558,4172
1688595722980,-122558,4172
1688595722995,-122558,4172
1688595723014,-122558,4172
1688595723029,-122558,4172
1688595723044,-122558,4172
1688595723074,-122558,4172
1688595723091,-122558,4172
1688595723108,-122558,4172
1688595723123,-122558,4172
1688595723140,-122558,4172
1688595723155,-122558,4172
1688595723173,-122558,4172
1688595723189,-122558,4172
1688595723203,-122558,4172
1688595723222,-122558,4172
1688595723242,-122558,4172
1688595723257,-122558,4172
1688595723275,-122558,4172
1688595723293,-122558,4172
1688595723309,-122558,4172
1688595723324,-122558,4172
1688595723341,-122558,4172
1688595723355,-122558,4172
1688595723368,-122558,4172
1688595723382,-122558,4172
1688595723396,-122558,4172
1688595723408,-122558,4172
1688595723421,-122558,4172
1688595723436,-122558,4172
1688595723455,-122558,4172
1688595723471,-122558,4172
1688595723485,-122558,4172
1688595723499,-122558,4172
1688595723513,-122558,4172
1688595723529,-122558,4172
1688595723543,-122558,4172
1688595723559,-122558,4172
1688595723572,-122558,4172
1688595723589,-122558,4172
1688595723602,-122558,4172
1688595723619,-122558,4172
1688595723633,-122558,4172
1688595723649,-122558,4172
1688595723663,-122558,4172
1688595723680,-122558,4172
1688595723693,-122558,4172
1688595723709,-122558,4172
1688595723723,-122558,4172
1688595723740,-122558,4172
1688595723755,-122558,4172
1688595723775,-122558,4172
1688595723794,-177246,4172
1688595723813,-177246,4172
1688595723832,-177246,4172
1688595723852,-177246,4172
1688595723867,-177246,4172
1688595723884,-177246,4172
1688595723902,-177246,4172
1688595723923,-177246,4172
1688595723941,-177246,4172
1688595723957,-177246,4172
1688595723974,-177246,4172
1688595723995,-177246,4172
1688595724014,-177246,4172
1688595724033,-177246,4172
1688595724052,-177246,4172
1688595724071,-177246,4172
1688595724086,-177246,4172
1688595724103,-177246,4172
1688595724123,-177246,4172
1688595724141,-177246,4172
1688595724156,-177246,4172
1688595724174,-177246,4172
1688595724194,-177246,4172
1688595724213,-177246,4172
1688595724232,-177246,4172
1688595724251,-177246,4172
1688595724267,-177246,4172
1688595724284,-177246,4172
1688595724301,-177246,4172
1688595724316,-177246,4172
1688595724334,-177246,4172
1688595724353,-177246,4172
1688595724372,-177246,4172
1688595724388,-177246,4172
1688595724403,-177246,4172
1688595724420,-177246,4172
1688595724435,-177246,4172
1688595724454,-177246,4172
1688595724473,-177246,4172
1688595724494,-177246,4172
1688595724513,-177246,4172
1688595724533,-177246,4172
1688595724549,-177246,4172
1688595724564,-177246,4172
1688595724581,-177246,4172
1688595724595,-177246,4172
1688595724609,-177246,4172
1688595724623,-177246,4172
1688595724640,-177246,4172
1688595724653,-177246,4172
1688595724669,-177246,4172
1688595724683,-177246,4172
1688595724698,-177246,4172
1688595724712,-177246,4172
1688595724728,-177246,4172
1688595724742,-177246,4172
1688595724759,-177246,4172
1688595724772,-177246,4172
1688595724788,-177246,4172
1688595724802,-177246,4172
1688595724817,-177246,4172
1688595724833,-177246,4172
1688595724852,-177246,4172
1688595724873,-177246,4172
1688595724893,-177246,4172
1688595724913,-177246,4172
1688595724929,-177246,4172
1688595724946,-177246,4172
1688595724966,-177246,4172
1688595724983,-177246,4172
1688595725001,-177246,4172
1688595725017,-177246,4172
1688595725036,-177246,4172
1688595725054,-177246,4172
1688595725074,-177246,4172
1688595725094,-177246,4172
1688595725113,-177246,4172
1688595725132,-177246,4172
1688595725148,-177246,4172
1688595725163,-177246,4172
1688595725179,-177246,4172
1688595725194,-177246,4172
1688595725214,-177246,4172
1688595725233,-177246,4172
1688595725253,-130859,4172
1688595725272,-130859,4172
1688595725287,-130859,4172
1688595725303,-130859,4172
1688595725322,-130859,4172
1688595725338,-130859,4172
1688595725353,-130859,4172
1688595725374,-130859,4172
1688595725393,-130859,4172
1688595725413,-130859,4172
1688595725433,-130859,4172
1688595725453,-130859,4172
1688595725473,-130859,4172
1688595725493,-130859,4172
1688595725512,-130859,4172
1688595725533,-130859,4172
1688595725552,-130859,4172
1688595725575,-130859,4172
1688595725595,-130859,4172
1688595725613,-130859,4172
1688595725632,-130859,4172
1688595725653,-130859,4172
1688595725672,-130859,4172
1688595725692,-130859,4172
1688595725711,-130859,4172
1688595725727,-130859,4172
1688595725741,-130859,4172
1688595725755,-130859,4172
1688595725778,-130859,4172
1688595725793,-130859,4172
1688595725812,-130859,4172
1688595725832,-130859,4172
1688595725849,-130859,4172
1688595725862,-130859,4172
1688595725879,-130859,4172
1688595725892,-130859,4172
1688595725908,-130859,4172
1688595725922,-130859,4172
1688595725937,-130859,4172
1688595725952,-130859,4172
1688595725967,-130859,4172
1688595725985,-130859,4172
1688595726003,-130859,4172
1688595726023,-130859,4172
1688595726041,-130859,4172
1688595726056,-130859,4172
1688595726079,-130859,4172
1688595726097,-130859,4172
1688595726114,-130859,4172
1688595726132,-130859,4172
1688595726152,-130859,4172
1688595726171,-130859,4172
1688595726187,-130859,4172
1688595726204,-130859,4172
1688595726224,-130859,4172
1688595726244,-130859,4172
1688595726264,-130859,4172
1688595726283,-130859,4172
1688595726302,-130859,4172
1688595726317,-130859,4172
1688595726333,-130859,4172
1688595726353,-130859,4172
1688595726371,-130859,4172
1688595726386,-130859,4172
1688595726404,-130859,4172
1688595726423,-130859,4172
1688595726442,-130859,4172
1688595726462,-130859,4172
1688595726483,-130859,4172
1688595726499,-130859,4172
1688595726514,-130859,4172
1688595726531,-130859,4172
1688595726547,-130859,4172
1688595726564,-130859,4172
1688595726584,-130859,4172
1688595726603,-130859,4172
1688595726622,-130859,4172
1688595726641,-130859,4172
1688595726657,-130859,4172
1688595726674,-130859,4172
1688595726691,-130859,4172
1688595726706,-123046,4172
1688595726724,-123046,4172
1688595726743,-123046,4172
1688595726761,-123046,4172
1688595726776,-123046,4172
1688595726794,-123046,4172
1688595726811,-123046,4172
1688595726826,-123046,4172
1688595726840,-123046,4172
1688595726854,-123046,4172
1688595726870,-123046,4172
1688595726883,-123046,4172
1688595726899,-123046,4172
1688595726913,-123046,4172
1688595726927,-123046,4172
1688595726941,-123046,4172
1688595726955,-123046,4172
1688595726969,-123046,4172
1688595726983,-123046,4172
1688595726999,-123046,4172
1688595727012,-123046,4172
1688595727029,-123046,4172
1688595727043,-123046,4172
1688595727060,-123046,4172
1688595727074,-123046,4172
1688595727091,-123046,4172
1688595727106,-123046,4172
1688595727121,-123046,4172
1688595727136,-123046,4172
1688595727153,-123046,4172
1688595727171,-123046,4172
1688595727186,-123046,4172
1688595727205,-123046,4172
1688595727224,-123046,4172
1688595727244,-123046,4172
1688595727263,-123046,4172
1688595727282,-123046,4172
1688595727302,-123046,4172
1688595727318,-123046,4172
1688595727334,-123046,4172
1688595727353,-123046,4172
1688595727371,-123046,4172
1688595727386,-123046,4172
1688595727404,-123046,4172
1688595727423,-123046,4172
1688595727443,-123046,4172
1688595727462,-123046,4172
1688595727477,-123046,4172
1688595727492,-123046,4172
1688595727511,-123046,4172
1688595727527,-123046,4172
1688595727544,-123046,4172
1688595727564,-123046,4172
1688595727583,-123046,4172
1688595727602,-123046,4172
1688595727621,-123046,4172
1688595727636,-123046,4172
1688595727651,-123046,4172
1688595727666,-123046,4172
1688595727684,-123046,4172
1688595727703,-123046,4172
1688595727723,-123046,4172
1688595727739,-123046,4172
1688595727756,-123046,4172
1688595727772,-123046,4172
1688595727792,-123046,4172
1688595727809,-123046,4172
1688595727824,-123046,4172
1688595727842,-123046,4172
1688595727861,-123046,4172
1688595727876,-123046,4172
1688595727894,-123046,4172
1688595727913,-123046,4172
1688595727929,-123046,4172
1688595727943,-123046,4172
1688595727962,-123046,4172
1688595727977,-123046,4172
1688595727992,-123046,4172
1688595728006,-123046,4172
1688595728021,-123046,4172
1688595728034,-123046,4172
1688595728050,-123046,4172
1688595728063,-123046,4172
1688595728080,-123046,4172
1688595728094,-123046,4172
1688595728110,-123046,4172
1688595728124,-123046,4172
1688595728140,-123046,4172
1688595728153,-123046,4172
1688595728167,-203124,4172
1688595728182,-203124,4172
1688595728196,-203124,4172
1688595728213,-203124,4172
1688595728232,-203124,4172
1688595728248,-203124,4172
1688595728263,-203124,4172
1688595728283,-203124,4172
1688595728302,-203124,4172
1688595728317,-203124,4172
1688595728334,-203124,4172
1688595728354,-203124,4172
1688595728374,-203124,4172
1688595728393,-203124,4172
1688595728409,-203124,4172
1688595728423,-203124,4172
1688595728442,-203124,4172
1688595728462,-203124,4172
1688595728482,-203124,4172
1688595728496,-203124,4172
1688595728510,-203124,4172
1688595728524,-203124,4172
1688595728540,-203124,4172
1688595728554,-203124,4172
1688595728571,-203124,4172
1688595728585,-203124,4172
1688595728599,-203124,4172
1688595728615,-203124,4172
1688595728630,-203124,4172
1688595728644,-203124,4172
1688595728660,-203124,4172
1688595728673,-203124,4172
1688595728691,-203124,4172
1688595728705,-203124,4172
1688595728720,-203124,4172
1688595728734,-203124,4172
1688595728753,-203124,4172
1688595728773,-203124,4172
1688595728792,-203124,4172
1688595728808,-203124,4172
1688595728823,-203124,4172
1688595728843,-203124,4172
1688595728859,-203124,4172
1688595728879,-203124,4172
1688595728894,-203124,4172
1688595728910,-203124,4172
1688595728925,-203124,4172
1688595728940,-203124,4172
1688595728956,-203124,4172
1688595728973,-203124,4172
1688595728992,-203124,4172
1688595729012,-203124,4172
1688595729026,-203124,4172
1688595729043,-203124,4172
1688595729061,-203124,4172
1688595729081,-203124,4172
1688595729095,-203124,4172
1688595729109,-203124,4172
1688595729122,-203124,4172
1688595729136,-203124,4172
1688595729151,-203124,4172
1688595729165,-203124,4172
1688595729180,-203124,4172
1688595729194,-203124,4172
1688595729211,-203124,4172
1688595729224,-203124,4172
1688595729238,-203124,4172
1688595729252,-203124,4172
1688595729267,-203124,4172
1688595729281,-203124,4172
1688595729295,-203124,4172
1688595729311,-203124,4172
1688595729326,-203124,4172
1688595729344,-203124,4172
1688595729361,-203124,4172
1688595729377,-203124,4172
1688595729394,-203124,4172
1688595729414,-203124,4172
1688595729433,-203124,4172
1688595729454,-203124,4172
1688595729474,-203124,4172
1688595729494,-203124,4172
1688595729513,-203124,4172
1688595729532,-203124,4172
1688595729547,-203124,4172
1688595729564,-203124,4172
1688595729583,-203124,4172
1688595729600,-203124,4172
1688595729615,-203124,4172
1688595729634,-124511,4172
1688595729653,-124511,4172
1688595729669,-124511,4172
1688595729684,-124511,4172
1688595729703,-124511,4172
1688595729720,-124511,4172
1688595729735,-124511,4172
1688595729756,-124511,4172
1688595729774,-124511,4172
1688595729793,-124511,4172
1688595729812,-124511,4172
1688595729832,-124511,4172
1688595729848,-124511,4172
1688595729863,-124511,4172
1688595729880,-124511,4172
1688595729894,-124511,4172
1688595729913,-124511,4172
1688595729929,-124511,4172
1688595729944,-124511,4172
1688595729961,-124511,4172
1688595729976,-124511,4172
1688595729995,-124511,4172
1688595730014,-124511,4172
1688595730033,-124511,4172
1688595730052,-124511,4172
1688595730072,-124511,4172
1688595730092,-124511,4172
1688595730112,-124511,4172
1688595730131,-124511,4172
1688595730145,-124511,4172
1688595730162,-124511,4172
1688595730177,-124511,4172
1688595730192,-124511,4172
1688595730208,-124511,4172
1688595730222,-124511,4172
1688595730237,-124511,4172
1688595730251,-124511,4172
1688595730265,-124511,4172
1688595730279,-124511,4172
1688595730293,-124511,4172
1688595730309,-124511,4172
1688595730322,-124511,4172
1688595730339,-124511,4172
1688595730352,-124511,4172
1688595730369,-124511,4172
1688595730382,-124511,4172
1688595730396,-124511,4172
1688595730411,-124511,4172
1688595730424,-124511,4172
1688595730438,-124511,4172
1688595730453,-124511,4172
1688595730473,-124511,4172
1688595730492,-124511,4172
1688595730507,-124511,4172
1688595730523,-124511,4172
1688595730542,-124511,4172
1688595730557,-124511,4172
1688595730575,-124511,4172
1688595730594,-124511,4172
1688595730613,-124511,4172
1688595730632,-124511,4172
1688595730651,-124511,4172
1688595730666,-124511,4172
1688595730682,-124511,4172
1688595730702,-124511,4172
1688595730718,-124511,4172
1688595730734,-124511,4172
1688595730754,-124511,4172
1688595730773,-124511,4172
1688595730792,-124511,4172
1688595730812,-124511,4172
1688595730830,-124511,4172
1688595730847,-124511,4172
1688595730864,-124511,4172
1688595730880,-124511,4172
1688595730894,-124511,4172
1688595730914,-124511,4172
1688595730931,-124511,4172
1688595730946,-124511,4172
1688595730964,-124511,4172
1688595730983,-124511,4172
1688595730998,-124511,4172
1688595731013,-124511,4172
1688595731032,-124511,4172
1688595731047,-124511,4172
1688595731064,-124511,4172
1688595731080,-124511,4172
1688595731095,-124511,4172
1688595731112,-124511,4172
1688595731128,-124511,4172
1688595731143,-124511,4172
1688595731159,-124511,4172
1688595731175,-124511,4172
1688595731194,-124511,4172
1688595731213,-124511,4172
1688595731232,-124511,4172
1688595731252,-124511,4172
1688595731272,-124511,4172
1688595731291,-124511,4172
1688595731307,-124511,4172
1688595731324,-124511,4172
1688595731342,-124511,4172
1688595731357,-124511,4172
1688595731372,-124511,4172
1688595731386,-124511,4172
1688595731401,-124511,4172
1688595731414,-124511,4172
1688595731429,-124511,4172
1688595731442,-124511,4172
1688595731456,-124511,4172
1688595731470,-124511,4172
1688595731484,-124511,4172
1688595731499,-124511,4172
1688595731513,-124511,4172
1688595731529,-124511,4172
1688595731542,-124511,4172
1688595731558,-124511,4172
1688595731572,-124511,4172
1688595731588,-124511,4172
1688595731603,-124511,4172
1688595731622,-124511,4172
1688595731642,-124511,4172
1688595731657,-124511,4172
1688595731673,-124511,4172
1688595731690,-124511,4172
1688595731707,-124511,4172
1688595731722,-124511,4172
1688595731737,-124511,4172
1688595731753,-124511,4172
1688595731772,-124511,4172
1688595731791,-124511,4172
1688595731807,-124511,4172
1688595731824,-124511,4172
1688595731844,-124511,4172
1688595731863,-124511,4172
1688595731882,-124511,4172
1688595731900,-124511,4172
1688595731916,-124511,4172
1688595731934,-124511,4172
1688595731949,-124511,4172
1688595731965,-124511,4172
1688595731992,-124511,4172
1688595732010,-124511,4172
1688595732034,-124511,4172
1688595732050,-124511,4172
1688595732066,-124511,4172
1688595732084,-124511,4172
1688595732106,-124511,4172
1688595732123,-124511,4172
1688595732143,-124511,4172
1688595732162,-124511,4172
1688595732183,-124511,4172
1688595732202,-124511,4172
1688595732221,-124511,4172
1688595732235,-124511,4172
1688595732254,-124511,4172
1688595732271,-124511,4172
1688595732286,-124511,4172
1688595732304,-124511,4172
1688595732323,-124511,4172
1688595732342,-124511,4172
1688595732362,-124511,4172
1688595732376,-124511,4172
1688595732393,-124511,4172
1688595732412,-124511,4172
1688595732430,-124511,4172
1688595732444,-124511,4172
1688595732464,-124511,4172
1688595732478,-124511,4172
1688595732492,-124511,4172
1688595732507,-124511,4172
1688595732522,-124511,4172
1688595732535,-124511,4172
1688595732549,-161621,4172
1688595732563,-161621,4172
1688595732579,-161621,4172
1688595732592,-161621,4172
1688595732608,-161621,4172
1688595732622,-161621,4172
1688595732636,-161621,4172
1688595732651,-161621,4172
1688595732664,-161621,4172
1688595732680,-161621,4172
1688595732693,-161621,4172
1688595732708,-161621,4172
1688595732725,-161621,4172
1688595732746,-161621,4172
1688595732764,-161621,4172
1688595732783,-161621,4172
1688595732802,-161621,4172
1688595732823,-161621,4172
1688595732842,-161621,4172
1688595732862,-161621,4172
1688595732882,-161621,4172
1688595732902,-161621,4172
1688595732922,-161621,4172
1688595732938,-161621,4172
1688595732954,-161621,4172
1688595732973,-161621,4172
1688595732991,-161621,4172
1688595733006,-161621,4172
1688595733023,-161621,4172
1688595733042,-161621,4172
1688595733064,-161621,4172
1688595733083,-161621,4172
1688595733098,-161621,4172
1688595733113,-161621,4172
1688595733132,-161621,4172
1688595733148,-161621,4172
1688595733164,-161621,4172
1688595733183,-161621,4172
1688595733203,-161621,4172
1688595733223,-161621,4172
1688595733243,-161621,4172
1688595733258,-161621,4172
1688595733274,-161621,4172
1688595733293,-161621,4172
1688595733309,-161621,4172
1688595733323,-161621,4172
1688595733343,-161621,4172
1688595733363,-161621,4172
1688595733382,-161621,4172
1688595733398,-161621,4172
1688595733414,-161621,4172
1688595733433,-161621,4172
1688595733453,-161621,4172
1688595733469,-161621,4172
1688595733483,-161621,4172
1688595733503,-161621,4172
1688595733522,-161621,4172
1688595733542,-161621,4172
1688595733562,-161621,4172
1688595733580,-161621,4172
1688595733594,-161621,4172
1688595733609,-161621,4172
1688595733624,-161621,4172
1688595733640,-161621,4172
1688595733653,-161621,4172
1688595733669,-161621,4172
1688595733683,-161621,4172
1688595733699,-161621,4172
1688595733712,-161621,4172
1688595733728,-161621,4172
1688595733742,-161621,4172
1688595733758,-161621,4172
1688595733773,-161621,4172
1688595733789,-161621,4172
1688595733803,-161621,4172
1688595733817,-161621,4172
1688595733833,-161621,4172
1688595733849,-161621,4172
1688595733869,-161621,4172
1688595733884,-161621,4172
1688595733903,-161621,4172
1688595733922,-161621,4172
1688595733939,-161621,4172
1688595733953,-161621,4172
1688595733972,-161621,4172
1688595733991,-161621,4172
1688595734006,-132324,4172
1688595734023,-132324,4172
1688595734042,-132324,4172
1688595734058,-132324,4172
1688595734073,-132324,4172
1688595734091,-132324,4172
1688595734106,-132324,4172
1688595734124,-132324,4172
1688595734141,-132324,4172
1688595734156,-132324,4172
1688595734174,-132324,4172
1688595734193,-132324,4172
1688595734211,-132324,4172
1688595734227,-132324,4172
1688595734244,-132324,4172
1688595734262,-132324,4172
1688595734276,-132324,4172
1688595734294,-132324,4172
1688595734313,-132324,4172
1688595734333,-132324,4172
1688595734354,-132324,4172
1688595734373,-132324,4172
1688595734392,-132324,4172
1688595734413,-132324,4172
1688595734432,-132324,4172
1688595734452,-132324,4172
1688595734471,-132324,4172
1688595734486,-132324,4172
1688595734503,-132324,4172
1688595734522,-132324,4172
1688595734538,-132324,4172
1688595734553,-132324,4172
1688595734572,-132324,4172
1688595734592,-132324,4172
1688595734612,-132324,4172
1688595734627,-132324,4172
1688595734645,-132324,4172
1688595734662,-132324,4172
1688595734681,-132324,4172
1688595734697,-132324,4172
1688595734712,-132324,4172
1688595734729,-132324,4172
1688595734743,-132324,4172
1688595734760,-132324,4172
1688595734773,-132324,4172
1688595734790,-132324,4172
1688595734803,-132324,4172
1688595734817,-132324,4172
1688595734832,-132324,4172
1688595734848,-132324,4172
1688595734862,-132324,4172
1688595734879,-132324,4172
1688595734893,-132324,4172
1688595734909,-132324,4172
1688595734922,-132324,4172
1688595734936,-132324,4172
1688595734951,-132324,4172
1688595734966,-132324,4172
1688595734983,-132324,4172
1688595735002,-132324,4172
1688595735018,-132324,4172
1688595735035,-132324,4172
1688595735053,-132324,4172
1688595735069,-132324,4172
1688595735092,-132324,4172
1688595735106,-132324,4172
1688595735119,-132324,4172
1688595735138,-132324,4172
1688595735153,-132324,4172
1688595735169,-132324,4172
1688595735185,-132324,4172
1688595735204,-132324,4172
1688595735221,-132324,4172
1688595735234,-132324,4172
1688595735253,-132324,4172
1688595735272,-132324,4172
1688595735286,-132324,4172
1688595735302,-132324,4172
1688595735317,-132324,4172
1688595735334,-132324,4172
1688595735349,-132324,4172
1688595735363,-132324,4172
1688595735379,-132324,4172
1688595735394,-132324,4172
1688595735414,-132324,4172
1688595735433,-132324,4172
1688595735453,-132324,4172
1688595735472,-123046,4172
1688595735491,-123046,4172
1688595735507,-123046,4172
1688595735524,-123046,4172
1688595735541,-123046,4172
1688595735556,-123046,4172
1688595735573,-123046,4172
1688595735593,-123046,4172
1688595735612,-123046,4172
1688595735627,-123046,4172
1688595735644,-123046,4172
1688595735660,-123046,4172
1688595735674,-123046,4172
1688595735689,-123046,4172
1688595735704,-123046,4172
1688595735723,-123046,4172
1688595735741,-123046,4172
1688595735756,-123046,4172
1688595735775,-123046,4172
1688595735794,-123046,4172
1688595735814,-123046,4172
1688595735833,-123046,4172
1688595735850,-123046,4172
1688595735864,-123046,4172
1688595735879,-123046,4172
1688595735893,-123046,4172
1688595735909,-123046,4172
1688595735922,-123046,4172
1688595735936,-123046,4172
1688595735950,-123046,4172
1688595735963,-123046,4172
1688595735979,-123046,4172
1688595735993,-123046,4172
1688595736009,-123046,4172
1688595736023,-123046,4172
1688595736039,-123046,4172
1688595736053,-123046,4172
1688595736068,-123046,4172
1688595736082,-123046,4172
1688595736101,-123046,4172
1688595736116,-123046,4172
1688595736133,-123046,4172
1688595736152,-123046,4172
1688595736166,-123046,4172
1688595736181,-123046,4172
1688595736196,-123046,4172
1688595736208,-123046,4172
1688595736221,-123046,4172
1688595736233,-123046,4172
1688595736246,-123046,4172
1688595736264,-123046,4172
1688595736279,-123046,4172
1688595736292,-123046,4172
1688595736304,-123046,4172
1688595736317,-123046,4172
1688595736331,-123046,4172
1688595736346,-123046,4172
1688595736362,-123046,4172
1688595736375,-123046,4172
1688595736387,-123046,4172
1688595736404,-123046,4172
